#first three elements, eye and last three, lookAt
#frame rate
#shutter_speed
0 38.6299 0.25 37.46 39.1127427125 0.05 37.46
0 38.6299 0.25 37.46 39.1127427125 0.05 37.46
0 39.2299 0.25 37.46 39.7127427125 0.05 37.46
0 39.2299 0.25 37.46 39.7127427125 0.05 37.46
0 39.8299 0.25 37.46 40.3127427125 0.05 37.46
0 39.8299 0.25 37.46 40.3127427125 0.05 37.46
0 40.4299 0.25 37.46 40.9127427125 0.05 37.46
0 40.4299 0.25 37.46 40.9127427125 0.05 37.46
0 41.0299 0.25 37.46 41.5127427125 0.05 37.46
0 41.0299 0.25 37.46 41.5127427125 0.05 37.46
0 41.6299 0.25 37.46 42.1127427125 0.05 37.46
0 41.6299 0.25 37.46 42.1127427125 0.05 37.46
0 41.7682747847 0.25 37.5878960247 42.020559409 0.05 37.9995871144
0 41.7682747847 0.25 37.5878960247 42.020559409 0.05 37.9995871144
0 41.6664348302 0.25 37.9081532511 41.5909015888 0.05 38.3850513685
0 41.6664348302 0.25 37.9081532511 41.5909015888 0.05 38.3850513685
0 41.4799 0.25 37.76 40.9970572875 0.05 37.76
0 41.4799 0.25 37.76 40.9970572875 0.05 37.76
0 40.8799 0.25 37.76 40.3970572875 0.05 37.76
0 40.8799 0.25 37.76 40.3970572875 0.05 37.76
0 40.2799 0.25 37.76 39.7970572875 0.05 37.76
0 40.2799 0.25 37.76 39.7970572875 0.05 37.76
0 39.6799 0.25 37.76 39.1970572875 0.05 37.76
0 39.6799 0.25 37.76 39.1970572875 0.05 37.76
0 39.0799 0.25 37.76 38.5970572875 0.05 37.76
0 39.0799 0.25 37.76 38.5970572875 0.05 37.76
0 38.4799 0.25 37.76 37.9970572875 0.05 37.76
0 38.4799 0.25 37.76 37.9970572875 0.05 37.76
0 38.3415252153 0.25 37.8878960247 38.089240591 0.05 38.2995871144
0 38.3415252153 0.25 37.8878960247 38.089240591 0.05 38.2995871144
0 38.4433651698 0.25 38.2081532511 38.5188984112 0.05 38.6850513685
0 38.4433651698 0.25 38.2081532511 38.5188984112 0.05 38.6850513685
0 38.6299 0.25 38.06 39.1127427125 0.05 38.06
0 38.6299 0.25 38.06 39.1127427125 0.05 38.06
0 39.2299 0.25 38.06 39.7127427125 0.05 38.06
0 39.2299 0.25 38.06 39.7127427125 0.05 38.06
0 39.8299 0.25 38.06 40.3127427125 0.05 38.06
0 39.8299 0.25 38.06 40.3127427125 0.05 38.06
0 40.4299 0.25 38.06 40.9127427125 0.05 38.06
0 40.4299 0.25 38.06 40.9127427125 0.05 38.06
0 41.0299 0.25 38.06 41.5127427125 0.05 38.06
0 41.0299 0.25 38.06 41.5127427125 0.05 38.06
0 41.6299 0.25 38.06 42.1127427125 0.05 38.06
0 41.6299 0.25 38.06 42.1127427125 0.05 38.06
0 41.7682747847 0.25 38.1878960247 42.020559409 0.05 38.5995871144
0 41.7682747847 0.25 38.1878960247 42.020559409 0.05 38.5995871144
0 41.6664348302 0.25 38.5081532511 41.5909015888 0.05 38.9850513685
0 41.6664348302 0.25 38.5081532511 41.5909015888 0.05 38.9850513685
0 41.4799 0.25 38.36 40.9970572875 0.05 38.36
0 41.4799 0.25 38.36 40.9970572875 0.05 38.36
0 40.8799 0.25 38.36 40.3970572875 0.05 38.36
0 40.8799 0.25 38.36 40.3970572875 0.05 38.36
0 40.2799 0.25 38.36 39.7970572875 0.05 38.36
0 40.2799 0.25 38.36 39.7970572875 0.05 38.36
0 39.6799 0.25 38.36 39.1970572875 0.05 38.36
0 39.6799 0.25 38.36 39.1970572875 0.05 38.36
0 39.0799 0.25 38.36 38.5970572875 0.05 38.36
0 39.0799 0.25 38.36 38.5970572875 0.05 38.36
0 38.4799 0.25 38.36 37.9970572875 0.05 38.36
0 38.4799 0.25 38.36 37.9970572875 0.05 38.36
0 38.3415252153 0.25 38.4878960247 38.089240591 0.05 38.8995871144
0 38.3415252153 0.25 38.4878960247 38.089240591 0.05 38.8995871144
0 38.4433651698 0.25 38.8081532511 38.5188984112 0.05 39.2850513685
0 38.4433651698 0.25 38.8081532511 38.5188984112 0.05 39.2850513685
0 38.6299 0.25 38.66 39.1127427125 0.05 38.66
0 38.6299 0.25 38.66 39.1127427125 0.05 38.66
0 39.2299 0.25 38.66 39.7127427125 0.05 38.66
0 39.2299 0.25 38.66 39.7127427125 0.05 38.66
0 39.8299 0.25 38.66 40.3127427125 0.05 38.66
0 39.8299 0.25 38.66 40.3127427125 0.05 38.66
0 40.4299 0.25 38.66 40.9127427125 0.05 38.66
0 40.4299 0.25 38.66 40.9127427125 0.05 38.66
0 41.0299 0.25 38.66 41.5127427125 0.05 38.66
0 41.0299 0.25 38.66 41.5127427125 0.05 38.66
0 41.6299 0.25 38.66 42.1127427125 0.05 38.66
0 41.6299 0.25 38.66 42.1127427125 0.05 38.66
0 41.7682747847 0.25 38.7878960247 42.020559409 0.05 39.1995871144
0 41.7682747847 0.25 38.7878960247 42.020559409 0.05 39.1995871144
0 41.6664348302 0.25 39.1081532511 41.5909015888 0.05 39.5850513685
0 41.6664348302 0.25 39.1081532511 41.5909015888 0.05 39.5850513685
0 41.4799 0.25 38.96 40.9970572875 0.05 38.96
0 41.4799 0.25 38.96 40.9970572875 0.05 38.96
0 40.8799 0.25 38.96 40.3970572875 0.05 38.96
0 40.8799 0.25 38.96 40.3970572875 0.05 38.96
0 40.2799 0.25 38.96 39.7970572875 0.05 38.96
0 40.2799 0.25 38.96 39.7970572875 0.05 38.96
0 39.6799 0.25 38.96 39.1970572875 0.05 38.96
0 39.6799 0.25 38.96 39.1970572875 0.05 38.96
0 39.0799 0.25 38.96 38.5970572875 0.05 38.96
0 39.0799 0.25 38.96 38.5970572875 0.05 38.96
0 38.4799 0.25 38.96 37.9970572875 0.05 38.96
0 38.4799 0.25 38.96 37.9970572875 0.05 38.96
0 38.3415252153 0.25 39.0878960247 38.089240591 0.05 39.4995871144
0 38.3415252153 0.25 39.0878960247 38.089240591 0.05 39.4995871144
0 38.4433651698 0.25 39.4081532511 38.5188984112 0.05 39.8850513685
0 38.4433651698 0.25 39.4081532511 38.5188984112 0.05 39.8850513685
0 38.6299 0.25 39.26 39.1127427125 0.05 39.26
0 38.6299 0.25 39.26 39.1127427125 0.05 39.26
0 39.2299 0.25 39.26 39.7127427125 0.05 39.26
0 39.2299 0.25 39.26 39.7127427125 0.05 39.26
0 39.8299 0.25 39.26 40.3127427125 0.05 39.26
0 39.8299 0.25 39.26 40.3127427125 0.05 39.26
0 40.4299 0.25 39.26 40.9127427125 0.05 39.26
0 40.4299 0.25 39.26 40.9127427125 0.05 39.26
0 41.0299 0.25 39.26 41.5127427125 0.05 39.26
0 41.0299 0.25 39.26 41.5127427125 0.05 39.26
0 41.6299 0.25 39.26 42.1127427125 0.05 39.26
0 41.6299 0.25 39.26 42.1127427125 0.05 39.26
0 41.7682747847 0.25 39.3878960247 42.020559409 0.05 39.7995871144
0 41.7682747847 0.25 39.3878960247 42.020559409 0.05 39.7995871144
0 41.6664348302 0.25 39.7081532511 41.5909015888 0.05 40.1850513685
0 41.6664348302 0.25 39.7081532511 41.5909015888 0.05 40.1850513685
0 41.4799 0.25 39.56 40.9970572875 0.05 39.56
0 41.4799 0.25 39.56 40.9970572875 0.05 39.56
0 40.8799 0.25 39.56 40.3970572875 0.05 39.56
0 40.8799 0.25 39.56 40.3970572875 0.05 39.56
0 40.2799 0.25 39.56 39.7970572875 0.05 39.56
0 40.2799 0.25 39.56 39.7970572875 0.05 39.56
0 39.6799 0.25 39.56 39.1970572875 0.05 39.56
0 39.6799 0.25 39.56 39.1970572875 0.05 39.56
0 39.0799 0.25 39.56 38.5970572875 0.05 39.56
0 39.0799 0.25 39.56 38.5970572875 0.05 39.56
0 38.4799 0.25 39.56 37.9970572875 0.05 39.56
0 38.4799 0.25 39.56 37.9970572875 0.05 39.56
0 38.3415252153 0.25 39.6878960247 38.089240591 0.05 40.0995871144
0 38.3415252153 0.25 39.6878960247 38.089240591 0.05 40.0995871144
0 38.4433651698 0.25 40.0081532511 38.5188984112 0.05 40.4850513685
0 38.4433651698 0.25 40.0081532511 38.5188984112 0.05 40.4850513685
0 38.6299 0.25 39.86 39.1127427125 0.05 39.86
0 38.6299 0.25 39.86 39.1127427125 0.05 39.86
0 39.2299 0.25 39.86 39.7127427125 0.05 39.86
0 39.2299 0.25 39.86 39.7127427125 0.05 39.86
0 39.8299 0.25 39.86 40.3127427125 0.05 39.86
0 39.8299 0.25 39.86 40.3127427125 0.05 39.86
0 40.4299 0.25 39.86 40.9127427125 0.05 39.86
0 40.4299 0.25 39.86 40.9127427125 0.05 39.86
0 41.0299 0.25 39.86 41.5127427125 0.05 39.86
0 41.0299 0.25 39.86 41.5127427125 0.05 39.86
0 41.6299 0.25 39.86 42.1127427125 0.05 39.86
0 41.6299 0.25 39.86 42.1127427125 0.05 39.86
0 41.7682747847 0.25 39.9878960247 42.020559409 0.05 40.3995871144
0 41.7682747847 0.25 39.9878960247 42.020559409 0.05 40.3995871144
0 41.5758391052 0.25 39.9874172072 41.2086826261 0.05 40.3009984645
0 41.5758391052 0.25 39.9874172072 41.2086826261 0.05 40.3009984645
0 41.2099 0.25 39.89 40.7270572875 0.05 39.89
0 41.2099 0.25 39.89 40.7270572875 0.05 39.89
0 40.6099 0.25 39.89 40.1270572875 0.05 39.89
0 40.6099 0.25 39.89 40.1270572875 0.05 39.89
0 40.0099 0.25 39.89 39.5270572875 0.05 39.89
0 40.0099 0.25 39.89 39.5270572875 0.05 39.89
0 39.4099 0.25 39.89 38.9270572875 0.05 39.89
0 39.4099 0.25 39.89 38.9270572875 0.05 39.89
0 38.8099 0.25 39.89 38.3270572875 0.05 39.89
0 38.8099 0.25 39.89 38.3270572875 0.05 39.89
0 38.2717467489 0.25 39.9134651698 37.7948486315 0.05 39.9889984112
0 38.2717467489 0.25 39.9134651698 37.7948486315 0.05 39.9889984112
1 42.2299 0.25 37.66 42.7127427125 0.05 37.66
1 42.2299 0.25 37.66 42.7127427125 0.05 37.66
1 42.8299 0.25 37.66 43.3127427125 0.05 37.66
1 42.8299 0.25 37.66 43.3127427125 0.05 37.66
1 43.4299 0.25 37.66 43.9127427125 0.05 37.66
1 43.4299 0.25 37.66 43.9127427125 0.05 37.66
1 44.0299 0.25 37.66 44.5127427125 0.05 37.66
1 44.0299 0.25 37.66 44.5127427125 0.05 37.66
1 44.6299 0.25 37.66 45.1127427125 0.05 37.66
1 44.6299 0.25 37.66 45.1127427125 0.05 37.66
1 45.2299 0.25 37.66 45.7127427125 0.05 37.66
1 45.2299 0.25 37.66 45.7127427125 0.05 37.66
1 45.8299 0.25 37.66 46.3127427125 0.05 37.66
1 45.8299 0.25 37.66 46.3127427125 0.05 37.66
1 46.4299 0.25 37.66 46.9127427125 0.05 37.66
1 46.4299 0.25 37.66 46.9127427125 0.05 37.66
1 46.6859660172 0.25 37.7660660172 47.0273873734 0.05 38.1074873734
1 46.6859660172 0.25 37.7660660172 47.0273873734 0.05 38.1074873734
1 46.5799 0.25 38.11 46.5799 0.05 38.5928427125
1 46.5799 0.25 38.11 46.5799 0.05 38.5928427125
1 46.4303623999 0.25 37.9717688644 45.9490081304 0.05 38.009652267
1 46.4303623999 0.25 37.9717688644 45.9490081304 0.05 38.009652267
1 45.8599 0.25 37.96 45.3770572875 0.05 37.96
1 45.8599 0.25 37.96 45.3770572875 0.05 37.96
1 45.2599 0.25 37.96 44.7770572875 0.05 37.96
1 45.2599 0.25 37.96 44.7770572875 0.05 37.96
1 44.6599 0.25 37.96 44.1770572875 0.05 37.96
1 44.6599 0.25 37.96 44.1770572875 0.05 37.96
1 44.0599 0.25 37.96 43.5770572875 0.05 37.96
1 44.0599 0.25 37.96 43.5770572875 0.05 37.96
1 43.4599 0.25 37.96 42.9770572875 0.05 37.96
1 43.4599 0.25 37.96 42.9770572875 0.05 37.96
1 42.8599 0.25 37.96 42.3770572875 0.05 37.96
1 42.8599 0.25 37.96 42.3770572875 0.05 37.96
1 42.2599 0.25 37.96 41.7770572875 0.05 37.96
1 42.2599 0.25 37.96 41.7770572875 0.05 37.96
1 41.8920039753 0.25 38.0383747847 41.4803128856 0.05 38.290659409
1 41.8920039753 0.25 38.0383747847 41.4803128856 0.05 38.290659409
1 42.0199 0.25 38.32 42.0199 0.05 38.8028427125
1 42.0199 0.25 38.32 42.0199 0.05 38.8028427125
1 42.1625584774 0.25 38.3063525492 42.6217691855 0.05 38.4555591529
1 42.1625584774 0.25 38.3063525492 42.6217691855 0.05 38.4555591529
1 42.6499 0.25 38.26 43.1327427125 0.05 38.26
1 42.6499 0.25 38.26 43.1327427125 0.05 38.26
1 43.2499 0.25 38.26 43.7327427125 0.05 38.26
1 43.2499 0.25 38.26 43.7327427125 0.05 38.26
1 43.8499 0.25 38.26 44.3327427125 0.05 38.26
1 43.8499 0.25 38.26 44.3327427125 0.05 38.26
1 44.4499 0.25 38.26 44.9327427125 0.05 38.26
1 44.4499 0.25 38.26 44.9327427125 0.05 38.26
1 45.0499 0.25 38.26 45.5327427125 0.05 38.26
1 45.0499 0.25 38.26 45.5327427125 0.05 38.26
1 45.6499 0.25 38.26 46.1327427125 0.05 38.26
1 45.6499 0.25 38.26 46.1327427125 0.05 38.26
1 46.2499 0.25 38.26 46.7327427125 0.05 38.26
1 46.2499 0.25 38.26 46.7327427125 0.05 38.26
1 46.7225584774 0.25 38.3063525492 47.1817691855 0.05 38.4555591529
1 46.7225584774 0.25 38.3063525492 47.1817691855 0.05 38.4555591529
1 46.5799 0.25 38.53 46.5799 0.05 39.0128427125
1 46.5799 0.25 38.53 46.5799 0.05 39.0128427125
1 46.4520039753 0.25 38.6383747847 46.0403128856 0.05 38.890659409
1 46.4520039753 0.25 38.6383747847 46.0403128856 0.05 38.890659409
1 46.0399 0.25 38.56 45.5570572875 0.05 38.56
1 46.0399 0.25 38.56 45.5570572875 0.05 38.56
1 45.4399 0.25 38.56 44.9570572875 0.05 38.56
1 45.4399 0.25 38.56 44.9570572875 0.05 38.56
1 44.8399 0.25 38.56 44.3570572875 0.05 38.56
1 44.8399 0.25 38.56 44.3570572875 0.05 38.56
1 44.2399 0.25 38.56 43.7570572875 0.05 38.56
1 44.2399 0.25 38.56 43.7570572875 0.05 38.56
1 43.6399 0.25 38.56 43.1570572875 0.05 38.56
1 43.6399 0.25 38.56 43.1570572875 0.05 38.56
1 43.0399 0.25 38.56 42.5570572875 0.05 38.56
1 43.0399 0.25 38.56 42.5570572875 0.05 38.56
1 42.4399 0.25 38.56 41.9570572875 0.05 38.56
1 42.4399 0.25 38.56 41.9570572875 0.05 38.56
1 41.8703623999 0.25 38.5717688644 41.3890081304 0.05 38.609652267
1 41.8703623999 0.25 38.5717688644 41.3890081304 0.05 38.609652267
1 42.0199 0.25 38.74 42.0199 0.05 39.2228427125
1 42.0199 0.25 38.74 42.0199 0.05 39.2228427125
1 42.1259660172 0.25 38.9660660172 42.4673873734 0.05 39.3074873734
1 42.1259660172 0.25 38.9660660172 42.4673873734 0.05 39.3074873734
1 42.4699 0.25 38.86 42.9527427125 0.05 38.86
1 42.4699 0.25 38.86 42.9527427125 0.05 38.86
1 43.0699 0.25 38.86 43.5527427125 0.05 38.86
1 43.0699 0.25 38.86 43.5527427125 0.05 38.86
1 43.6699 0.25 38.86 44.1527427125 0.05 38.86
1 43.6699 0.25 38.86 44.1527427125 0.05 38.86
1 44.2699 0.25 38.86 44.7527427125 0.05 38.86
1 44.2699 0.25 38.86 44.7527427125 0.05 38.86
1 44.8699 0.25 38.86 45.3527427125 0.05 38.86
1 44.8699 0.25 38.86 45.3527427125 0.05 38.86
1 45.4699 0.25 38.86 45.9527427125 0.05 38.86
1 45.4699 0.25 38.86 45.9527427125 0.05 38.86
1 46.0699 0.25 38.86 46.5527427125 0.05 38.86
1 46.0699 0.25 38.86 46.5527427125 0.05 38.86
1 46.6699 0.25 38.86 47.1527427125 0.05 38.86
1 46.6699 0.25 38.86 47.1527427125 0.05 38.86
1 46.6033651698 0.25 39.0081532511 46.6788984112 0.05 39.4850513685
1 46.6033651698 0.25 39.0081532511 46.6788984112 0.05 39.4850513685
1 46.5015252153 0.25 39.2878960247 46.249240591 0.05 39.6995871144
1 46.5015252153 0.25 39.2878960247 46.249240591 0.05 39.6995871144
1 46.2199 0.25 39.16 45.7370572875 0.05 39.16
1 46.2199 0.25 39.16 45.7370572875 0.05 39.16
1 45.6199 0.25 39.16 45.1370572875 0.05 39.16
1 45.6199 0.25 39.16 45.1370572875 0.05 39.16
1 45.0199 0.25 39.16 44.5370572875 0.05 39.16
1 45.0199 0.25 39.16 44.5370572875 0.05 39.16
1 44.4199 0.25 39.16 43.9370572875 0.05 39.16
1 44.4199 0.25 39.16 43.9370572875 0.05 39.16
1 43.8199 0.25 39.16 43.3370572875 0.05 39.16
1 43.8199 0.25 39.16 43.3370572875 0.05 39.16
1 43.2199 0.25 39.16 42.7370572875 0.05 39.16
1 43.2199 0.25 39.16 42.7370572875 0.05 39.16
1 42.6199 0.25 39.16 42.1370572875 0.05 39.16
1 42.6199 0.25 39.16 42.1370572875 0.05 39.16
1 42.0199 0.25 39.16 41.5370572875 0.05 39.16
1 42.0199 0.25 39.16 41.5370572875 0.05 39.16
1 41.9624974851 0.25 39.2985819299 41.7777215786 0.05 39.7446704294
1 41.9624974851 0.25 39.2985819299 41.7777215786 0.05 39.7446704294
1 42.0662525492 0.25 39.6026584774 42.2154591529 0.05 40.0618691855
1 42.0662525492 0.25 39.6026584774 42.2154591529 0.05 40.0618691855
1 42.2899 0.25 39.46 42.7727427125 0.05 39.46
1 42.2899 0.25 39.46 42.7727427125 0.05 39.46
1 42.8899 0.25 39.46 43.3727427125 0.05 39.46
1 42.8899 0.25 39.46 43.3727427125 0.05 39.46
1 43.4899 0.25 39.46 43.9727427125 0.05 39.46
1 43.4899 0.25 39.46 43.9727427125 0.05 39.46
1 44.0899 0.25 39.46 44.5727427125 0.05 39.46
1 44.0899 0.25 39.46 44.5727427125 0.05 39.46
1 44.6899 0.25 39.46 45.1727427125 0.05 39.46
1 44.6899 0.25 39.46 45.1727427125 0.05 39.46
1 45.2899 0.25 39.46 45.7727427125 0.05 39.46
1 45.2899 0.25 39.46 45.7727427125 0.05 39.46
1 45.8899 0.25 39.46 46.3727427125 0.05 39.46
1 45.8899 0.25 39.46 46.3727427125 0.05 39.46
1 46.4899 0.25 39.46 46.9727427125 0.05 39.46
1 46.4899 0.25 39.46 46.9727427125 0.05 39.46
1 46.6680677878 0.25 39.5813525492 46.9518756134 0.05 39.9719805092
1 46.6680677878 0.25 39.5813525492 46.9518756134 0.05 39.9719805092
1 46.5681311356 0.25 39.9095376001 46.530247733 0.05 40.3908918696
1 46.5681311356 0.25 39.9095376001 46.530247733 0.05 40.3908918696
1 46.3999 0.25 39.76 45.9170572875 0.05 39.76
1 46.3999 0.25 39.76 45.9170572875 0.05 39.76
1 45.7999 0.25 39.76 45.3170572875 0.05 39.76
1 45.7999 0.25 39.76 45.3170572875 0.05 39.76
1 45.1999 0.25 39.76 44.7170572875 0.05 39.76
1 45.1999 0.25 39.76 44.7170572875 0.05 39.76
1 44.5999 0.25 39.76 44.1170572875 0.05 39.76
1 44.5999 0.25 39.76 44.1170572875 0.05 39.76
1 43.9999 0.25 39.76 43.5170572875 0.05 39.76
1 43.9999 0.25 39.76 43.5170572875 0.05 39.76
1 43.3999 0.25 39.76 42.9170572875 0.05 39.76
1 43.3999 0.25 39.76 42.9170572875 0.05 39.76
1 42.7999 0.25 39.76 42.3170572875 0.05 39.76
1 42.7999 0.25 39.76 42.3170572875 0.05 39.76
1 42.1999 0.25 39.76 41.7170572875 0.05 39.76
1 42.1999 0.25 39.76 41.7170572875 0.05 39.76
1 41.9058391052 0.25 39.8574172072 41.5386826261 0.05 40.1709984645
1 41.9058391052 0.25 39.8574172072 41.5386826261 0.05 40.1709984645
1 42.0199 0.25 40.18 42.0199 0.05 40.6628427125
1 42.0199 0.25 40.18 42.0199 0.05 40.6628427125
1 42.1680532511 0.25 40.0834651698 42.6449513685 0.05 40.1589984112
1 42.1680532511 0.25 40.0834651698 42.6449513685 0.05 40.1589984112
1 42.7099 0.25 40.06 43.1927427125 0.05 40.06
1 42.7099 0.25 40.06 43.1927427125 0.05 40.06
1 43.3099 0.25 40.06 43.7927427125 0.05 40.06
1 43.3099 0.25 40.06 43.7927427125 0.05 40.06
1 43.9099 0.25 40.06 44.3927427125 0.05 40.06
1 43.9099 0.25 40.06 44.3927427125 0.05 40.06
1 44.5099 0.25 40.06 44.9927427125 0.05 40.06
1 44.5099 0.25 40.06 44.9927427125 0.05 40.06
1 45.1099 0.25 40.06 45.5927427125 0.05 40.06
1 45.1099 0.25 40.06 45.5927427125 0.05 40.06
1 45.7099 0.25 40.06 46.1927427125 0.05 40.06
1 45.7099 0.25 40.06 46.1927427125 0.05 40.06
1 46.3099 0.25 40.06 46.7927427125 0.05 40.06
1 46.3099 0.25 40.06 46.7927427125 0.05 40.06
1 46.7135509786 0.25 40.128098575 47.1437669856 0.05 40.3473045793
1 46.7135509786 0.25 40.128098575 47.1437669856 0.05 40.3473045793
1 46.5799 0.25 40.39 46.5799 0.05 40.8728427125
1 46.5799 0.25 40.39 46.5799 0.05 40.8728427125
1 46.4413180701 0.25 40.4174025149 45.9952295706 0.05 40.6021784214
1 46.4413180701 0.25 40.4174025149 45.9952295706 0.05 40.6021784214
1 45.9799 0.25 40.36 45.4970572875 0.05 40.36
1 45.9799 0.25 40.36 45.4970572875 0.05 40.36
1 45.3799 0.25 40.36 44.8970572875 0.05 40.36
1 45.3799 0.25 40.36 44.8970572875 0.05 40.36
1 44.7799 0.25 40.36 44.2970572875 0.05 40.36
1 44.7799 0.25 40.36 44.2970572875 0.05 40.36
1 44.1799 0.25 40.36 43.6970572875 0.05 40.36
1 44.1799 0.25 40.36 43.6970572875 0.05 40.36
1 43.5799 0.25 40.36 43.0970572875 0.05 40.36
1 43.5799 0.25 40.36 43.0970572875 0.05 40.36
1 42.9799 0.25 40.36 42.4970572875 0.05 40.36
1 42.9799 0.25 40.36 42.4970572875 0.05 40.36
1 42.3799 0.25 40.36 41.8970572875 0.05 40.36
1 42.3799 0.25 40.36 41.8970572875 0.05 40.36
1 41.8740445119 0.25 40.3950168046 41.404542782 0.05 40.5077341973
1 41.8740445119 0.25 40.3950168046 41.404542782 0.05 40.5077341973
1 42.0199 0.25 40.6 42.0199 0.05 41.0828427125
1 42.0199 0.25 40.6 42.0199 0.05 41.0828427125
1 42.1412525492 0.25 40.7481677878 42.5318805092 0.05 41.0319756134
1 42.1412525492 0.25 40.7481677878 42.5318805092 0.05 41.0319756134
1 42.5299 0.25 40.66 43.0127427125 0.05 40.66
1 42.5299 0.25 40.66 43.0127427125 0.05 40.66
1 43.1299 0.25 40.66 43.6127427125 0.05 40.66
1 43.1299 0.25 40.66 43.6127427125 0.05 40.66
1 43.7299 0.25 40.66 44.2127427125 0.05 40.66
1 43.7299 0.25 40.66 44.2127427125 0.05 40.66
1 44.3299 0.25 40.66 44.8127427125 0.05 40.66
1 44.3299 0.25 40.66 44.8127427125 0.05 40.66
1 44.9299 0.25 40.66 45.4127427125 0.05 40.66
1 44.9299 0.25 40.66 45.4127427125 0.05 40.66
1 45.5299 0.25 40.66 46.0127427125 0.05 40.66
1 45.5299 0.25 40.66 46.0127427125 0.05 40.66
1 46.1299 0.25 40.66 46.6127427125 0.05 40.66
1 46.1299 0.25 40.66 46.6127427125 0.05 40.66
1 46.7299 0.25 40.66 47.2127427125 0.05 40.66
1 46.7299 0.25 40.66 47.2127427125 0.05 40.66
1 46.5799 0.25 40.81 46.5799 0.05 41.2928427125
1 46.5799 0.25 40.81 46.5799 0.05 41.2928427125
1 46.4824827928 0.25 41.0740608948 46.1689015355 0.05 41.4412173739
1 46.4824827928 0.25 41.0740608948 46.1689015355 0.05 41.4412173739
1 46.1599 0.25 40.96 45.6770572875 0.05 40.96
1 46.1599 0.25 40.96 45.6770572875 0.05 40.96
1 45.5599 0.25 40.96 45.0770572875 0.05 40.96
1 45.5599 0.25 40.96 45.0770572875 0.05 40.96
1 44.9599 0.25 40.96 44.4770572875 0.05 40.96
1 44.9599 0.25 40.96 44.4770572875 0.05 40.96
1 44.3599 0.25 40.96 43.8770572875 0.05 40.96
1 44.3599 0.25 40.96 43.8770572875 0.05 40.96
1 43.7599 0.25 40.96 43.2770572875 0.05 40.96
1 43.7599 0.25 40.96 43.2770572875 0.05 40.96
1 43.1599 0.25 40.96 42.6770572875 0.05 40.96
1 43.1599 0.25 40.96 42.6770572875 0.05 40.96
1 42.5599 0.25 40.96 42.0770572875 0.05 40.96
1 42.5599 0.25 40.96 42.0770572875 0.05 40.96
1 41.9599 0.25 40.96 41.4770572875 0.05 40.96
1 41.9599 0.25 40.96 41.4770572875 0.05 40.96
1 41.9848831954 0.25 41.1058554881 41.8721658027 0.05 41.575357218
1 41.9848831954 0.25 41.1058554881 41.8721658027 0.05 41.575357218
1 42.087998575 0.25 41.3936509786 42.3072045793 0.05 41.8238669856
1 42.087998575 0.25 41.3936509786 42.3072045793 0.05 41.8238669856
1 42.3499 0.25 41.26 42.8327427125 0.05 41.26
1 42.3499 0.25 41.26 42.8327427125 0.05 41.26
1 42.9499 0.25 41.26 43.4327427125 0.05 41.26
1 42.9499 0.25 41.26 43.4327427125 0.05 41.26
1 43.5499 0.25 41.26 44.0327427125 0.05 41.26
1 43.5499 0.25 41.26 44.0327427125 0.05 41.26
1 44.1499 0.25 41.26 44.6327427125 0.05 41.26
1 44.1499 0.25 41.26 44.6327427125 0.05 41.26
1 44.7499 0.25 41.26 45.2327427125 0.05 41.26
1 44.7499 0.25 41.26 45.2327427125 0.05 41.26
1 45.3499 0.25 41.26 45.8327427125 0.05 41.26
1 45.3499 0.25 41.26 45.8327427125 0.05 41.26
1 45.9499 0.25 41.26 46.4327427125 0.05 41.26
1 45.9499 0.25 41.26 46.4327427125 0.05 41.26
1 46.5499 0.25 41.26 47.0327427125 0.05 41.26
1 46.5499 0.25 41.26 47.0327427125 0.05 41.26
1 46.647998575 0.25 41.3936509786 46.8672045793 0.05 41.8238669856
1 46.647998575 0.25 41.3936509786 46.8672045793 0.05 41.8238669856
1 46.4824827928 0.25 41.4940608948 46.1689015355 0.05 41.8612173739
1 46.4824827928 0.25 41.4940608948 46.1689015355 0.05 41.8612173739
1 46.1599 0.25 41.38 45.6770572875 0.05 41.38
1 46.1599 0.25 41.38 45.6770572875 0.05 41.38
1 45.5599 0.25 41.38 45.0770572875 0.05 41.38
1 45.5599 0.25 41.38 45.0770572875 0.05 41.38
1 44.9599 0.25 41.38 44.4770572875 0.05 41.38
1 44.9599 0.25 41.38 44.4770572875 0.05 41.38
1 44.3599 0.25 41.38 43.8770572875 0.05 41.38
1 44.3599 0.25 41.38 43.8770572875 0.05 41.38
1 43.7599 0.25 41.38 43.2770572875 0.05 41.38
1 43.7599 0.25 41.38 43.2770572875 0.05 41.38
1 43.1599 0.25 41.38 42.6770572875 0.05 41.38
1 43.1599 0.25 41.38 42.6770572875 0.05 41.38
1 42.5599 0.25 41.38 42.0770572875 0.05 41.38
1 42.5599 0.25 41.38 42.0770572875 0.05 41.38
1 41.9599 0.25 41.38 41.4770572875 0.05 41.38
1 41.9599 0.25 41.38 41.4770572875 0.05 41.38
1 41.9848831954 0.25 41.5258554881 41.8721658027 0.05 41.995357218
1 41.9848831954 0.25 41.5258554881 41.8721658027 0.05 41.995357218
2 42.2299 0.25 33.26 42.7127427125 0.05 33.26
2 42.2299 0.25 33.26 42.7127427125 0.05 33.26
2 42.8299 0.25 33.26 43.3127427125 0.05 33.26
2 42.8299 0.25 33.26 43.3127427125 0.05 33.26
2 43.4299 0.25 33.26 43.9127427125 0.05 33.26
2 43.4299 0.25 33.26 43.9127427125 0.05 33.26
2 43.4049168046 0.25 33.4058554881 43.5176341973 0.05 33.875357218
2 43.4049168046 0.25 33.4058554881 43.5176341973 0.05 33.875357218
2 43.301801425 0.25 33.6936509786 43.0825954207 0.05 34.1238669856
2 43.301801425 0.25 33.6936509786 43.0825954207 0.05 34.1238669856
2 43.0399 0.25 33.56 42.5570572875 0.05 33.56
2 43.0399 0.25 33.56 42.5570572875 0.05 33.56
2 42.4399 0.25 33.56 41.9570572875 0.05 33.56
2 42.4399 0.25 33.56 41.9570572875 0.05 33.56
2 41.8703623999 0.25 33.5717688644 41.3890081304 0.05 33.609652267
2 41.8703623999 0.25 33.5717688644 41.3890081304 0.05 33.609652267
2 42.0199 0.25 33.74 42.0199 0.05 34.2228427125
2 42.0199 0.25 33.74 42.0199 0.05 34.2228427125
2 42.1259660172 0.25 33.9660660172 42.4673873734 0.05 34.3074873734
2 42.1259660172 0.25 33.9660660172 42.4673873734 0.05 34.3074873734
2 42.4699 0.25 33.86 42.9527427125 0.05 33.86
2 42.4699 0.25 33.86 42.9527427125 0.05 33.86
2 43.0699 0.25 33.86 43.5527427125 0.05 33.86
2 43.0699 0.25 33.86 43.5527427125 0.05 33.86
2 43.6699 0.25 33.86 44.1527427125 0.05 33.86
2 43.6699 0.25 33.86 44.1527427125 0.05 33.86
2 44.2699 0.25 33.86 44.7527427125 0.05 33.86
2 44.2699 0.25 33.86 44.7527427125 0.05 33.86
2 44.8699 0.25 33.86 45.3527427125 0.05 33.86
2 44.8699 0.25 33.86 45.3527427125 0.05 33.86
2 45.4699 0.25 33.86 45.9527427125 0.05 33.86
2 45.4699 0.25 33.86 45.9527427125 0.05 33.86
2 46.0699 0.25 33.86 46.5527427125 0.05 33.86
2 46.0699 0.25 33.86 46.5527427125 0.05 33.86
2 46.6699 0.25 33.86 47.1527427125 0.05 33.86
2 46.6699 0.25 33.86 47.1527427125 0.05 33.86
2 46.6033651698 0.25 34.0081532511 46.6788984112 0.05 34.4850513685
2 46.6033651698 0.25 34.0081532511 46.6788984112 0.05 34.4850513685
2 46.5015252153 0.25 34.2878960247 46.249240591 0.05 34.6995871144
2 46.5015252153 0.25 34.2878960247 46.249240591 0.05 34.6995871144
2 46.2199 0.25 34.16 45.7370572875 0.05 34.16
2 46.2199 0.25 34.16 45.7370572875 0.05 34.16
2 45.6199 0.25 34.16 45.1370572875 0.05 34.16
2 45.6199 0.25 34.16 45.1370572875 0.05 34.16
2 45.0199 0.25 34.16 44.5370572875 0.05 34.16
2 45.0199 0.25 34.16 44.5370572875 0.05 34.16
2 44.4199 0.25 34.16 43.9370572875 0.05 34.16
2 44.4199 0.25 34.16 43.9370572875 0.05 34.16
2 43.8199 0.25 34.16 43.3370572875 0.05 34.16
2 43.8199 0.25 34.16 43.3370572875 0.05 34.16
2 43.2199 0.25 34.16 42.7370572875 0.05 34.16
2 43.2199 0.25 34.16 42.7370572875 0.05 34.16
2 42.6199 0.25 34.16 42.1370572875 0.05 34.16
2 42.6199 0.25 34.16 42.1370572875 0.05 34.16
2 42.0199 0.25 34.16 41.5370572875 0.05 34.16
2 42.0199 0.25 34.16 41.5370572875 0.05 34.16
2 41.9624974851 0.25 34.2985819299 41.7777215786 0.05 34.7446704294
2 41.9624974851 0.25 34.2985819299 41.7777215786 0.05 34.7446704294
2 42.0662525492 0.25 34.6026584774 42.2154591529 0.05 35.0618691855
2 42.0662525492 0.25 34.6026584774 42.2154591529 0.05 35.0618691855
2 42.2899 0.25 34.46 42.7727427125 0.05 34.46
2 42.2899 0.25 34.46 42.7727427125 0.05 34.46
2 42.8899 0.25 34.46 43.3727427125 0.05 34.46
2 42.8899 0.25 34.46 43.3727427125 0.05 34.46
2 43.4899 0.25 34.46 43.9727427125 0.05 34.46
2 43.4899 0.25 34.46 43.9727427125 0.05 34.46
2 44.0899 0.25 34.46 44.5727427125 0.05 34.46
2 44.0899 0.25 34.46 44.5727427125 0.05 34.46
2 44.6899 0.25 34.46 45.1727427125 0.05 34.46
2 44.6899 0.25 34.46 45.1727427125 0.05 34.46
2 45.2899 0.25 34.46 45.7727427125 0.05 34.46
2 45.2899 0.25 34.46 45.7727427125 0.05 34.46
2 45.8899 0.25 34.46 46.3727427125 0.05 34.46
2 45.8899 0.25 34.46 46.3727427125 0.05 34.46
2 46.4899 0.25 34.46 46.9727427125 0.05 34.46
2 46.4899 0.25 34.46 46.9727427125 0.05 34.46
2 46.6680677878 0.25 34.5813525492 46.9518756134 0.05 34.9719805092
2 46.6680677878 0.25 34.5813525492 46.9518756134 0.05 34.9719805092
2 46.5681311356 0.25 34.9095376001 46.530247733 0.05 35.3908918696
2 46.5681311356 0.25 34.9095376001 46.530247733 0.05 35.3908918696
2 46.3999 0.25 34.76 45.9170572875 0.05 34.76
2 46.3999 0.25 34.76 45.9170572875 0.05 34.76
2 45.7999 0.25 34.76 45.3170572875 0.05 34.76
2 45.7999 0.25 34.76 45.3170572875 0.05 34.76
2 45.1999 0.25 34.76 44.7170572875 0.05 34.76
2 45.1999 0.25 34.76 44.7170572875 0.05 34.76
2 44.5999 0.25 34.76 44.1170572875 0.05 34.76
2 44.5999 0.25 34.76 44.1170572875 0.05 34.76
2 43.9999 0.25 34.76 43.5170572875 0.05 34.76
2 43.9999 0.25 34.76 43.5170572875 0.05 34.76
2 43.3999 0.25 34.76 42.9170572875 0.05 34.76
2 43.3999 0.25 34.76 42.9170572875 0.05 34.76
2 42.7999 0.25 34.76 42.3170572875 0.05 34.76
2 42.7999 0.25 34.76 42.3170572875 0.05 34.76
2 42.1999 0.25 34.76 41.7170572875 0.05 34.76
2 42.1999 0.25 34.76 41.7170572875 0.05 34.76
2 41.9058391052 0.25 34.8574172072 41.5386826261 0.05 35.1709984645
2 41.9058391052 0.25 34.8574172072 41.5386826261 0.05 35.1709984645
2 42.0199 0.25 35.18 42.0199 0.05 35.6628427125
2 42.0199 0.25 35.18 42.0199 0.05 35.6628427125
2 42.1680532511 0.25 35.0834651698 42.6449513685 0.05 35.1589984112
2 42.1680532511 0.25 35.0834651698 42.6449513685 0.05 35.1589984112
2 42.7099 0.25 35.06 43.1927427125 0.05 35.06
2 42.7099 0.25 35.06 43.1927427125 0.05 35.06
2 43.3099 0.25 35.06 43.7927427125 0.05 35.06
2 43.3099 0.25 35.06 43.7927427125 0.05 35.06
2 43.9099 0.25 35.06 44.3927427125 0.05 35.06
2 43.9099 0.25 35.06 44.3927427125 0.05 35.06
2 44.5099 0.25 35.06 44.9927427125 0.05 35.06
2 44.5099 0.25 35.06 44.9927427125 0.05 35.06
2 45.1099 0.25 35.06 45.5927427125 0.05 35.06
2 45.1099 0.25 35.06 45.5927427125 0.05 35.06
2 45.7099 0.25 35.06 46.1927427125 0.05 35.06
2 45.7099 0.25 35.06 46.1927427125 0.05 35.06
2 46.3099 0.25 35.06 46.7927427125 0.05 35.06
2 46.3099 0.25 35.06 46.7927427125 0.05 35.06
2 46.7135509786 0.25 35.128098575 47.1437669856 0.05 35.3473045793
2 46.7135509786 0.25 35.128098575 47.1437669856 0.05 35.3473045793
2 46.5799 0.25 35.39 46.5799 0.05 35.8728427125
2 46.5799 0.25 35.39 46.5799 0.05 35.8728427125
2 46.4413180701 0.25 35.4174025149 45.9952295706 0.05 35.6021784214
2 46.4413180701 0.25 35.4174025149 45.9952295706 0.05 35.6021784214
2 45.9799 0.25 35.36 45.4970572875 0.05 35.36
2 45.9799 0.25 35.36 45.4970572875 0.05 35.36
2 45.3799 0.25 35.36 44.8970572875 0.05 35.36
2 45.3799 0.25 35.36 44.8970572875 0.05 35.36
2 44.7799 0.25 35.36 44.2970572875 0.05 35.36
2 44.7799 0.25 35.36 44.2970572875 0.05 35.36
2 44.1799 0.25 35.36 43.6970572875 0.05 35.36
2 44.1799 0.25 35.36 43.6970572875 0.05 35.36
2 43.5799 0.25 35.36 43.0970572875 0.05 35.36
2 43.5799 0.25 35.36 43.0970572875 0.05 35.36
2 42.9799 0.25 35.36 42.4970572875 0.05 35.36
2 42.9799 0.25 35.36 42.4970572875 0.05 35.36
2 42.3799 0.25 35.36 41.8970572875 0.05 35.36
2 42.3799 0.25 35.36 41.8970572875 0.05 35.36
2 41.8740445119 0.25 35.3950168046 41.404542782 0.05 35.5077341973
2 41.8740445119 0.25 35.3950168046 41.404542782 0.05 35.5077341973
2 42.0199 0.25 35.6 42.0199 0.05 36.0828427125
2 42.0199 0.25 35.6 42.0199 0.05 36.0828427125
2 42.1412525492 0.25 35.7481677878 42.5318805092 0.05 36.0319756134
2 42.1412525492 0.25 35.7481677878 42.5318805092 0.05 36.0319756134
2 42.5299 0.25 35.66 43.0127427125 0.05 35.66
2 42.5299 0.25 35.66 43.0127427125 0.05 35.66
2 43.1299 0.25 35.66 43.6127427125 0.05 35.66
2 43.1299 0.25 35.66 43.6127427125 0.05 35.66
2 43.7299 0.25 35.66 44.2127427125 0.05 35.66
2 43.7299 0.25 35.66 44.2127427125 0.05 35.66
2 44.3299 0.25 35.66 44.8127427125 0.05 35.66
2 44.3299 0.25 35.66 44.8127427125 0.05 35.66
2 44.9299 0.25 35.66 45.4127427125 0.05 35.66
2 44.9299 0.25 35.66 45.4127427125 0.05 35.66
2 45.5299 0.25 35.66 46.0127427125 0.05 35.66
2 45.5299 0.25 35.66 46.0127427125 0.05 35.66
2 46.1299 0.25 35.66 46.6127427125 0.05 35.66
2 46.1299 0.25 35.66 46.6127427125 0.05 35.66
2 46.7299 0.25 35.66 47.2127427125 0.05 35.66
2 46.7299 0.25 35.66 47.2127427125 0.05 35.66
2 46.5799 0.25 35.81 46.5799 0.05 36.2928427125
2 46.5799 0.25 35.81 46.5799 0.05 36.2928427125
2 46.4824827928 0.25 36.0740608948 46.1689015355 0.05 36.4412173739
2 46.4824827928 0.25 36.0740608948 46.1689015355 0.05 36.4412173739
2 46.1599 0.25 35.96 45.6770572875 0.05 35.96
2 46.1599 0.25 35.96 45.6770572875 0.05 35.96
2 45.5599 0.25 35.96 45.0770572875 0.05 35.96
2 45.5599 0.25 35.96 45.0770572875 0.05 35.96
2 44.9599 0.25 35.96 44.4770572875 0.05 35.96
2 44.9599 0.25 35.96 44.4770572875 0.05 35.96
2 44.3599 0.25 35.96 43.8770572875 0.05 35.96
2 44.3599 0.25 35.96 43.8770572875 0.05 35.96
2 43.7599 0.25 35.96 43.2770572875 0.05 35.96
2 43.7599 0.25 35.96 43.2770572875 0.05 35.96
2 43.1599 0.25 35.96 42.6770572875 0.05 35.96
2 43.1599 0.25 35.96 42.6770572875 0.05 35.96
2 42.5599 0.25 35.96 42.0770572875 0.05 35.96
2 42.5599 0.25 35.96 42.0770572875 0.05 35.96
2 41.9599 0.25 35.96 41.4770572875 0.05 35.96
2 41.9599 0.25 35.96 41.4770572875 0.05 35.96
2 41.9848831954 0.25 36.1058554881 41.8721658027 0.05 36.575357218
2 41.9848831954 0.25 36.1058554881 41.8721658027 0.05 36.575357218
2 42.087998575 0.25 36.3936509786 42.3072045793 0.05 36.8238669856
2 42.087998575 0.25 36.3936509786 42.3072045793 0.05 36.8238669856
2 42.3499 0.25 36.26 42.8327427125 0.05 36.26
2 42.3499 0.25 36.26 42.8327427125 0.05 36.26
2 42.9499 0.25 36.26 43.4327427125 0.05 36.26
2 42.9499 0.25 36.26 43.4327427125 0.05 36.26
2 43.5499 0.25 36.26 44.0327427125 0.05 36.26
2 43.5499 0.25 36.26 44.0327427125 0.05 36.26
2 44.1499 0.25 36.26 44.6327427125 0.05 36.26
2 44.1499 0.25 36.26 44.6327427125 0.05 36.26
2 44.7499 0.25 36.26 45.2327427125 0.05 36.26
2 44.7499 0.25 36.26 45.2327427125 0.05 36.26
2 45.3499 0.25 36.26 45.8327427125 0.05 36.26
2 45.3499 0.25 36.26 45.8327427125 0.05 36.26
2 45.9499 0.25 36.26 46.4327427125 0.05 36.26
2 45.9499 0.25 36.26 46.4327427125 0.05 36.26
2 46.5499 0.25 36.26 47.0327427125 0.05 36.26
2 46.5499 0.25 36.26 47.0327427125 0.05 36.26
2 46.647998575 0.25 36.3936509786 46.8672045793 0.05 36.8238669856
2 46.647998575 0.25 36.3936509786 46.8672045793 0.05 36.8238669856
2 46.5448831954 0.25 36.7058554881 46.4321658027 0.05 37.175357218
2 46.5448831954 0.25 36.7058554881 46.4321658027 0.05 37.175357218
2 46.3399 0.25 36.56 45.8570572875 0.05 36.56
2 46.3399 0.25 36.56 45.8570572875 0.05 36.56
2 45.7399 0.25 36.56 45.2570572875 0.05 36.56
2 45.7399 0.25 36.56 45.2570572875 0.05 36.56
2 45.1399 0.25 36.56 44.6570572875 0.05 36.56
2 45.1399 0.25 36.56 44.6570572875 0.05 36.56
2 44.5399 0.25 36.56 44.0570572875 0.05 36.56
2 44.5399 0.25 36.56 44.0570572875 0.05 36.56
2 43.9399 0.25 36.56 43.4570572875 0.05 36.56
2 43.9399 0.25 36.56 43.4570572875 0.05 36.56
2 43.3399 0.25 36.56 42.8570572875 0.05 36.56
2 43.3399 0.25 36.56 42.8570572875 0.05 36.56
2 42.7399 0.25 36.56 42.2570572875 0.05 36.56
2 42.7399 0.25 36.56 42.2570572875 0.05 36.56
2 42.1399 0.25 36.56 41.6570572875 0.05 36.56
2 42.1399 0.25 36.56 41.6570572875 0.05 36.56
2 41.9224827928 0.25 36.6740608948 41.6089015355 0.05 37.0412173739
2 41.9224827928 0.25 36.6740608948 41.6089015355 0.05 37.0412173739
2 42.0199 0.25 37.01 42.0199 0.05 37.4928427125
2 42.0199 0.25 37.01 42.0199 0.05 37.4928427125
2 42.1699 0.25 36.86 42.6527427125 0.05 36.86
2 42.1699 0.25 36.86 42.6527427125 0.05 36.86
2 42.7699 0.25 36.86 43.2527427125 0.05 36.86
2 42.7699 0.25 36.86 43.2527427125 0.05 36.86
2 43.3699 0.25 36.86 43.8527427125 0.05 36.86
2 43.3699 0.25 36.86 43.8527427125 0.05 36.86
2 43.9699 0.25 36.86 44.4527427125 0.05 36.86
2 43.9699 0.25 36.86 44.4527427125 0.05 36.86
2 44.5699 0.25 36.86 45.0527427125 0.05 36.86
2 44.5699 0.25 36.86 45.0527427125 0.05 36.86
2 45.1699 0.25 36.86 45.6527427125 0.05 36.86
2 45.1699 0.25 36.86 45.6527427125 0.05 36.86
2 45.7699 0.25 36.86 46.2527427125 0.05 36.86
2 45.7699 0.25 36.86 46.2527427125 0.05 36.86
2 46.3699 0.25 36.86 46.8527427125 0.05 36.86
2 46.3699 0.25 36.86 46.8527427125 0.05 36.86
2 46.7012525492 0.25 36.9481677878 47.0918805092 0.05 37.2319756134
2 46.7012525492 0.25 36.9481677878 47.0918805092 0.05 37.2319756134
2 46.5799 0.25 37.25 46.5799 0.05 37.7328427125
2 46.5799 0.25 37.25 46.5799 0.05 37.7328427125
2 46.4340445119 0.25 37.1950168046 45.964542782 0.05 37.3077341973
2 46.4340445119 0.25 37.1950168046 45.964542782 0.05 37.3077341973
2 45.9199 0.25 37.16 45.4370572875 0.05 37.16
2 45.9199 0.25 37.16 45.4370572875 0.05 37.16
2 45.3199 0.25 37.16 44.8370572875 0.05 37.16
2 45.3199 0.25 37.16 44.8370572875 0.05 37.16
2 44.7199 0.25 37.16 44.2370572875 0.05 37.16
2 44.7199 0.25 37.16 44.2370572875 0.05 37.16
2 44.1199 0.25 37.16 43.6370572875 0.05 37.16
2 44.1199 0.25 37.16 43.6370572875 0.05 37.16
2 43.5199 0.25 37.16 43.0370572875 0.05 37.16
2 43.5199 0.25 37.16 43.0370572875 0.05 37.16
2 42.9199 0.25 37.16 42.4370572875 0.05 37.16
2 42.9199 0.25 37.16 42.4370572875 0.05 37.16
2 42.3199 0.25 37.16 41.8370572875 0.05 37.16
2 42.3199 0.25 37.16 41.8370572875 0.05 37.16
2 41.8813180701 0.25 37.2174025149 41.4352295706 0.05 37.4021784214
2 41.8813180701 0.25 37.2174025149 41.4352295706 0.05 37.4021784214
2 42.0199 0.25 37.43 42.0199 0.05 37.9128427125
2 42.0199 0.25 37.43 42.0199 0.05 37.9128427125
2 42.1699 0.25 37.28 42.6527427125 0.05 37.28
2 42.1699 0.25 37.28 42.6527427125 0.05 37.28
2 42.7699 0.25 37.28 43.2527427125 0.05 37.28
2 42.7699 0.25 37.28 43.2527427125 0.05 37.28
2 43.3699 0.25 37.28 43.8527427125 0.05 37.28
2 43.3699 0.25 37.28 43.8527427125 0.05 37.28
2 43.9699 0.25 37.28 44.4527427125 0.05 37.28
2 43.9699 0.25 37.28 44.4527427125 0.05 37.28
2 44.5699 0.25 37.28 45.0527427125 0.05 37.28
2 44.5699 0.25 37.28 45.0527427125 0.05 37.28
2 45.1699 0.25 37.28 45.6527427125 0.05 37.28
2 45.1699 0.25 37.28 45.6527427125 0.05 37.28
2 45.7699 0.25 37.28 46.2527427125 0.05 37.28
2 45.7699 0.25 37.28 46.2527427125 0.05 37.28
2 46.3699 0.25 37.28 46.8527427125 0.05 37.28
2 46.3699 0.25 37.28 46.8527427125 0.05 37.28
2 46.7012525492 0.25 37.3681677878 47.0918805092 0.05 37.6519756134
2 46.7012525492 0.25 37.3681677878 47.0918805092 0.05 37.6519756134
3 43.9299 0.25 29.36 44.4127427125 0.05 29.36
3 43.9299 0.25 29.36 44.4127427125 0.05 29.36
3 44.5299 0.25 29.36 45.0127427125 0.05 29.36
3 44.5299 0.25 29.36 45.0127427125 0.05 29.36
3 45.1299 0.25 29.36 45.6127427125 0.05 29.36
3 45.1299 0.25 29.36 45.6127427125 0.05 29.36
3 45.7299 0.25 29.36 46.2127427125 0.05 29.36
3 45.7299 0.25 29.36 46.2127427125 0.05 29.36
3 46.3299 0.25 29.36 46.8127427125 0.05 29.36
3 46.3299 0.25 29.36 46.8127427125 0.05 29.36
3 46.6977960247 0.25 29.4383747847 47.1094871144 0.05 29.690659409
3 46.6977960247 0.25 29.4383747847 47.1094871144 0.05 29.690659409
3 46.5699 0.25 29.72 46.5699 0.05 30.2028427125
3 46.5699 0.25 29.72 46.5699 0.05 30.2028427125
3 46.4272415226 0.25 29.7063525492 45.9680308145 0.05 29.8555591529
3 46.4272415226 0.25 29.7063525492 45.9680308145 0.05 29.8555591529
3 45.9399 0.25 29.66 45.4570572875 0.05 29.66
3 45.9399 0.25 29.66 45.4570572875 0.05 29.66
3 45.3399 0.25 29.66 44.8570572875 0.05 29.66
3 45.3399 0.25 29.66 44.8570572875 0.05 29.66
3 44.7399 0.25 29.66 44.2570572875 0.05 29.66
3 44.7399 0.25 29.66 44.2570572875 0.05 29.66
3 44.1399 0.25 29.66 43.6570572875 0.05 29.66
3 44.1399 0.25 29.66 43.6570572875 0.05 29.66
3 43.5703623999 0.25 29.6717688644 43.0890081304 0.05 29.709652267
3 43.5703623999 0.25 29.6717688644 43.0890081304 0.05 29.709652267
3 43.7199 0.25 29.84 43.7199 0.05 30.3228427125
3 43.7199 0.25 29.84 43.7199 0.05 30.3228427125
3 43.8259660172 0.25 30.0660660172 44.1673873734 0.05 30.4074873734
3 43.8259660172 0.25 30.0660660172 44.1673873734 0.05 30.4074873734
3 44.1699 0.25 29.96 44.6527427125 0.05 29.96
3 44.1699 0.25 29.96 44.6527427125 0.05 29.96
3 44.7699 0.25 29.96 45.2527427125 0.05 29.96
3 44.7699 0.25 29.96 45.2527427125 0.05 29.96
3 45.3699 0.25 29.96 45.8527427125 0.05 29.96
3 45.3699 0.25 29.96 45.8527427125 0.05 29.96
3 45.9699 0.25 29.96 46.4527427125 0.05 29.96
3 45.9699 0.25 29.96 46.4527427125 0.05 29.96
3 46.5699 0.25 29.96 47.0527427125 0.05 29.96
3 46.5699 0.25 29.96 47.0527427125 0.05 29.96
3 46.6273025149 0.25 30.0985819299 46.8120784214 0.05 30.5446704294
3 46.6273025149 0.25 30.0985819299 46.8120784214 0.05 30.5446704294
3 46.5235474508 0.25 30.4026584774 46.3743408471 0.05 30.8618691855
3 46.5235474508 0.25 30.4026584774 46.3743408471 0.05 30.8618691855
3 46.2999 0.25 30.26 45.8170572875 0.05 30.26
3 46.2999 0.25 30.26 45.8170572875 0.05 30.26
3 45.6999 0.25 30.26 45.2170572875 0.05 30.26
3 45.6999 0.25 30.26 45.2170572875 0.05 30.26
3 45.0999 0.25 30.26 44.6170572875 0.05 30.26
3 45.0999 0.25 30.26 44.6170572875 0.05 30.26
3 44.4999 0.25 30.26 44.0170572875 0.05 30.26
3 44.4999 0.25 30.26 44.0170572875 0.05 30.26
3 43.8999 0.25 30.26 43.4170572875 0.05 30.26
3 43.8999 0.25 30.26 43.4170572875 0.05 30.26
3 43.6058391052 0.25 30.3574172072 43.2386826261 0.05 30.6709984645
3 43.6058391052 0.25 30.3574172072 43.2386826261 0.05 30.6709984645
3 43.7199 0.25 30.68 43.7199 0.05 31.1628427125
3 43.7199 0.25 30.68 43.7199 0.05 31.1628427125
3 43.8680532511 0.25 30.5834651698 44.3449513685 0.05 30.6589984112
3 43.8680532511 0.25 30.5834651698 44.3449513685 0.05 30.6589984112
3 44.4099 0.25 30.56 44.8927427125 0.05 30.56
3 44.4099 0.25 30.56 44.8927427125 0.05 30.56
3 45.0099 0.25 30.56 45.4927427125 0.05 30.56
3 45.0099 0.25 30.56 45.4927427125 0.05 30.56
3 45.6099 0.25 30.56 46.0927427125 0.05 30.56
3 45.6099 0.25 30.56 46.0927427125 0.05 30.56
3 46.2099 0.25 30.56 46.6927427125 0.05 30.56
3 46.2099 0.25 30.56 46.6927427125 0.05 30.56
3 46.7157554881 0.25 30.5950168046 47.185257218 0.05 30.7077341973
3 46.7157554881 0.25 30.5950168046 47.185257218 0.05 30.7077341973
3 46.5699 0.25 30.8 46.5699 0.05 31.2828427125
3 46.5699 0.25 30.8 46.5699 0.05 31.2828427125
3 46.4485474508 0.25 30.9481677878 46.0579194908 0.05 31.2319756134
3 46.4485474508 0.25 30.9481677878 46.0579194908 0.05 31.2319756134
3 46.0599 0.25 30.86 45.5770572875 0.05 30.86
3 46.0599 0.25 30.86 45.5770572875 0.05 30.86
3 45.4599 0.25 30.86 44.9770572875 0.05 30.86
3 45.4599 0.25 30.86 44.9770572875 0.05 30.86
3 44.8599 0.25 30.86 44.3770572875 0.05 30.86
3 44.8599 0.25 30.86 44.3770572875 0.05 30.86
3 44.2599 0.25 30.86 43.7770572875 0.05 30.86
3 44.2599 0.25 30.86 43.7770572875 0.05 30.86
3 43.6599 0.25 30.86 43.1770572875 0.05 30.86
3 43.6599 0.25 30.86 43.1770572875 0.05 30.86
3 43.6848831954 0.25 31.0058554881 43.5721658027 0.05 31.475357218
3 43.6848831954 0.25 31.0058554881 43.5721658027 0.05 31.475357218
3 43.787998575 0.25 31.2936509786 44.0072045793 0.05 31.7238669856
3 43.787998575 0.25 31.2936509786 44.0072045793 0.05 31.7238669856
3 44.0499 0.25 31.16 44.5327427125 0.05 31.16
3 44.0499 0.25 31.16 44.5327427125 0.05 31.16
3 44.6499 0.25 31.16 45.1327427125 0.05 31.16
3 44.6499 0.25 31.16 45.1327427125 0.05 31.16
3 45.2499 0.25 31.16 45.7327427125 0.05 31.16
3 45.2499 0.25 31.16 45.7327427125 0.05 31.16
3 45.8499 0.25 31.16 46.3327427125 0.05 31.16
3 45.8499 0.25 31.16 46.3327427125 0.05 31.16
3 46.4499 0.25 31.16 46.9327427125 0.05 31.16
3 46.4499 0.25 31.16 46.9327427125 0.05 31.16
3 46.6673172072 0.25 31.2740608948 46.9808984645 0.05 31.6412173739
3 46.6673172072 0.25 31.2740608948 46.9808984645 0.05 31.6412173739
3 46.5699 0.25 31.61 46.5699 0.05 32.0928427125
3 46.5699 0.25 31.61 46.5699 0.05 32.0928427125
3 46.4199 0.25 31.46 45.9370572875 0.05 31.46
3 46.4199 0.25 31.46 45.9370572875 0.05 31.46
3 45.8199 0.25 31.46 45.3370572875 0.05 31.46
3 45.8199 0.25 31.46 45.3370572875 0.05 31.46
3 45.2199 0.25 31.46 44.7370572875 0.05 31.46
3 45.2199 0.25 31.46 44.7370572875 0.05 31.46
3 44.6199 0.25 31.46 44.1370572875 0.05 31.46
3 44.6199 0.25 31.46 44.1370572875 0.05 31.46
3 44.0199 0.25 31.46 43.5370572875 0.05 31.46
3 44.0199 0.25 31.46 43.5370572875 0.05 31.46
3 43.5813180701 0.25 31.5174025149 43.1352295706 0.05 31.7021784214
3 43.5813180701 0.25 31.5174025149 43.1352295706 0.05 31.7021784214
3 43.7199 0.25 31.76 43.7199 0.05 32.2428427125
3 43.7199 0.25 31.76 43.7199 0.05 32.2428427125
3 43.8535509786 0.25 31.828098575 44.2837669856 0.05 32.0473045793
3 43.8535509786 0.25 31.828098575 44.2837669856 0.05 32.0473045793
3 44.2899 0.25 31.76 44.7727427125 0.05 31.76
3 44.2899 0.25 31.76 44.7727427125 0.05 31.76
3 44.8899 0.25 31.76 45.3727427125 0.05 31.76
3 44.8899 0.25 31.76 45.3727427125 0.05 31.76
3 45.4899 0.25 31.76 45.9727427125 0.05 31.76
3 45.4899 0.25 31.76 45.9727427125 0.05 31.76
3 46.0899 0.25 31.76 46.5727427125 0.05 31.76
3 46.0899 0.25 31.76 46.5727427125 0.05 31.76
3 46.6899 0.25 31.76 47.1727427125 0.05 31.76
3 46.6899 0.25 31.76 47.1727427125 0.05 31.76
3 46.5816688644 0.25 31.9095376001 46.619552267 0.05 32.3908918696
3 46.5816688644 0.25 31.9095376001 46.619552267 0.05 32.3908918696
3 46.4817322122 0.25 32.1813525492 46.1979243866 0.05 32.5719805092
3 46.4817322122 0.25 32.1813525492 46.1979243866 0.05 32.5719805092
3 46.1799 0.25 32.06 45.6970572875 0.05 32.06
3 46.1799 0.25 32.06 45.6970572875 0.05 32.06
3 45.5799 0.25 32.06 45.0970572875 0.05 32.06
3 45.5799 0.25 32.06 45.0970572875 0.05 32.06
3 44.9799 0.25 32.06 44.4970572875 0.05 32.06
3 44.9799 0.25 32.06 44.4970572875 0.05 32.06
3 44.3799 0.25 32.06 43.8970572875 0.05 32.06
3 44.3799 0.25 32.06 43.8970572875 0.05 32.06
3 43.7799 0.25 32.06 43.2970572875 0.05 32.06
3 43.7799 0.25 32.06 43.2970572875 0.05 32.06
3 43.6415252153 0.25 32.1878960247 43.389240591 0.05 32.5995871144
3 43.6415252153 0.25 32.1878960247 43.389240591 0.05 32.5995871144
3 43.7433651698 0.25 32.5081532511 43.8188984112 0.05 32.9850513685
3 43.7433651698 0.25 32.5081532511 43.8188984112 0.05 32.9850513685
3 43.9299 0.25 32.36 44.4127427125 0.05 32.36
3 43.9299 0.25 32.36 44.4127427125 0.05 32.36
3 44.5299 0.25 32.36 45.0127427125 0.05 32.36
3 44.5299 0.25 32.36 45.0127427125 0.05 32.36
3 45.1299 0.25 32.36 45.6127427125 0.05 32.36
3 45.1299 0.25 32.36 45.6127427125 0.05 32.36
3 45.7299 0.25 32.36 46.2127427125 0.05 32.36
3 45.7299 0.25 32.36 46.2127427125 0.05 32.36
3 46.3299 0.25 32.36 46.8127427125 0.05 32.36
3 46.3299 0.25 32.36 46.8127427125 0.05 32.36
3 46.6977960247 0.25 32.4383747847 47.1094871144 0.05 32.690659409
3 46.6977960247 0.25 32.4383747847 47.1094871144 0.05 32.690659409
3 46.5699 0.25 32.72 46.5699 0.05 33.2028427125
3 46.5699 0.25 32.72 46.5699 0.05 33.2028427125
3 46.4272415226 0.25 32.7063525492 45.9680308145 0.05 32.8555591529
3 46.4272415226 0.25 32.7063525492 45.9680308145 0.05 32.8555591529
3 45.9399 0.25 32.66 45.4570572875 0.05 32.66
3 45.9399 0.25 32.66 45.4570572875 0.05 32.66
3 45.3399 0.25 32.66 44.8570572875 0.05 32.66
3 45.3399 0.25 32.66 44.8570572875 0.05 32.66
3 44.7399 0.25 32.66 44.2570572875 0.05 32.66
3 44.7399 0.25 32.66 44.2570572875 0.05 32.66
3 44.1399 0.25 32.66 43.6570572875 0.05 32.66
3 44.1399 0.25 32.66 43.6570572875 0.05 32.66
3 43.5703623999 0.25 32.6717688644 43.0890081304 0.05 32.709652267
3 43.5703623999 0.25 32.6717688644 43.0890081304 0.05 32.709652267
3 43.7199 0.25 32.84 43.7199 0.05 33.3228427125
3 43.7199 0.25 32.84 43.7199 0.05 33.3228427125
3 43.8259660172 0.25 33.0660660172 44.1673873734 0.05 33.4074873734
3 43.8259660172 0.25 33.0660660172 44.1673873734 0.05 33.4074873734
3 44.1699 0.25 32.96 44.6527427125 0.05 32.96
3 44.1699 0.25 32.96 44.6527427125 0.05 32.96
3 44.7699 0.25 32.96 45.2527427125 0.05 32.96
3 44.7699 0.25 32.96 45.2527427125 0.05 32.96
3 45.3699 0.25 32.96 45.8527427125 0.05 32.96
3 45.3699 0.25 32.96 45.8527427125 0.05 32.96
3 45.9699 0.25 32.96 46.4527427125 0.05 32.96
3 45.9699 0.25 32.96 46.4527427125 0.05 32.96
3 46.5699 0.25 32.96 47.0527427125 0.05 32.96
3 46.5699 0.25 32.96 47.0527427125 0.05 32.96
3 46.6273025149 0.25 33.0985819299 46.8120784214 0.05 33.5446704294
3 46.6273025149 0.25 33.0985819299 46.8120784214 0.05 33.5446704294
3 46.4638339828 0.25 33.1860660172 46.1224126266 0.05 33.5274873734
3 46.4638339828 0.25 33.1860660172 46.1224126266 0.05 33.5274873734
3 46.1199 0.25 33.08 45.6370572875 0.05 33.08
3 46.1199 0.25 33.08 45.6370572875 0.05 33.08
3 45.5199 0.25 33.08 45.0370572875 0.05 33.08
3 45.5199 0.25 33.08 45.0370572875 0.05 33.08
3 44.9199 0.25 33.08 44.4370572875 0.05 33.08
3 44.9199 0.25 33.08 44.4370572875 0.05 33.08
3 44.3199 0.25 33.08 43.8370572875 0.05 33.08
3 44.3199 0.25 33.08 43.8370572875 0.05 33.08
3 43.7199 0.25 33.08 43.2370572875 0.05 33.08
3 43.7199 0.25 33.08 43.2370572875 0.05 33.08
3 43.6624974851 0.25 33.2185819299 43.4777215786 0.05 33.6646704294
3 43.6624974851 0.25 33.2185819299 43.4777215786 0.05 33.6646704294
4 53.2299 0.25 34.46 53.7127427125 0.05 34.46
4 53.2299 0.25 34.46 53.7127427125 0.05 34.46
4 53.8299 0.25 34.46 54.3127427125 0.05 34.46
4 53.8299 0.25 34.46 54.3127427125 0.05 34.46
4 54.4299 0.25 34.46 54.9127427125 0.05 34.46
4 54.4299 0.25 34.46 54.9127427125 0.05 34.46
4 55.0299 0.25 34.46 55.5127427125 0.05 34.46
4 55.0299 0.25 34.46 55.5127427125 0.05 34.46
4 55.6299 0.25 34.46 56.1127427125 0.05 34.46
4 55.6299 0.25 34.46 56.1127427125 0.05 34.46
4 56.2299 0.25 34.46 56.7127427125 0.05 34.46
4 56.2299 0.25 34.46 56.7127427125 0.05 34.46
4 56.8299 0.25 34.46 57.3127427125 0.05 34.46
4 56.8299 0.25 34.46 57.3127427125 0.05 34.46
4 57.4299 0.25 34.46 57.9127427125 0.05 34.46
4 57.4299 0.25 34.46 57.9127427125 0.05 34.46
4 58.0299 0.25 34.46 58.5127427125 0.05 34.46
4 58.0299 0.25 34.46 58.5127427125 0.05 34.46
4 57.8799 0.25 34.61 57.8799 0.05 35.0928427125
4 57.8799 0.25 34.61 57.8799 0.05 35.0928427125
4 57.7824827928 0.25 34.8740608948 57.4689015355 0.05 35.2412173739
4 57.7824827928 0.25 34.8740608948 57.4689015355 0.05 35.2412173739
4 57.4599 0.25 34.76 56.9770572875 0.05 34.76
4 57.4599 0.25 34.76 56.9770572875 0.05 34.76
4 56.8599 0.25 34.76 56.3770572875 0.05 34.76
4 56.8599 0.25 34.76 56.3770572875 0.05 34.76
4 56.2599 0.25 34.76 55.7770572875 0.05 34.76
4 56.2599 0.25 34.76 55.7770572875 0.05 34.76
4 55.6599 0.25 34.76 55.1770572875 0.05 34.76
4 55.6599 0.25 34.76 55.1770572875 0.05 34.76
4 55.0599 0.25 34.76 54.5770572875 0.05 34.76
4 55.0599 0.25 34.76 54.5770572875 0.05 34.76
4 54.4599 0.25 34.76 53.9770572875 0.05 34.76
4 54.4599 0.25 34.76 53.9770572875 0.05 34.76
4 53.8599 0.25 34.76 53.3770572875 0.05 34.76
4 53.8599 0.25 34.76 53.3770572875 0.05 34.76
4 53.2599 0.25 34.76 52.7770572875 0.05 34.76
4 53.2599 0.25 34.76 52.7770572875 0.05 34.76
4 52.8920039753 0.25 34.8383747847 52.4803128856 0.05 35.090659409
4 52.8920039753 0.25 34.8383747847 52.4803128856 0.05 35.090659409
4 53.0199 0.25 35.12 53.0199 0.05 35.6028427125
4 53.0199 0.25 35.12 53.0199 0.05 35.6028427125
4 53.1625584774 0.25 35.1063525492 53.6217691855 0.05 35.2555591529
4 53.1625584774 0.25 35.1063525492 53.6217691855 0.05 35.2555591529
4 53.6499 0.25 35.06 54.1327427125 0.05 35.06
4 53.6499 0.25 35.06 54.1327427125 0.05 35.06
4 54.2499 0.25 35.06 54.7327427125 0.05 35.06
4 54.2499 0.25 35.06 54.7327427125 0.05 35.06
4 54.8499 0.25 35.06 55.3327427125 0.05 35.06
4 54.8499 0.25 35.06 55.3327427125 0.05 35.06
4 55.4499 0.25 35.06 55.9327427125 0.05 35.06
4 55.4499 0.25 35.06 55.9327427125 0.05 35.06
4 56.0499 0.25 35.06 56.5327427125 0.05 35.06
4 56.0499 0.25 35.06 56.5327427125 0.05 35.06
4 56.6499 0.25 35.06 57.1327427125 0.05 35.06
4 56.6499 0.25 35.06 57.1327427125 0.05 35.06
4 57.2499 0.25 35.06 57.7327427125 0.05 35.06
4 57.2499 0.25 35.06 57.7327427125 0.05 35.06
4 57.8499 0.25 35.06 58.3327427125 0.05 35.06
4 57.8499 0.25 35.06 58.3327427125 0.05 35.06
4 57.947998575 0.25 35.1936509786 58.1672045793 0.05 35.6238669856
4 57.947998575 0.25 35.1936509786 58.1672045793 0.05 35.6238669856
4 57.8448831954 0.25 35.5058554881 57.7321658027 0.05 35.975357218
4 57.8448831954 0.25 35.5058554881 57.7321658027 0.05 35.975357218
4 57.6399 0.25 35.36 57.1570572875 0.05 35.36
4 57.6399 0.25 35.36 57.1570572875 0.05 35.36
4 57.0399 0.25 35.36 56.5570572875 0.05 35.36
4 57.0399 0.25 35.36 56.5570572875 0.05 35.36
4 56.4399 0.25 35.36 55.9570572875 0.05 35.36
4 56.4399 0.25 35.36 55.9570572875 0.05 35.36
4 55.8399 0.25 35.36 55.3570572875 0.05 35.36
4 55.8399 0.25 35.36 55.3570572875 0.05 35.36
4 55.2399 0.25 35.36 54.7570572875 0.05 35.36
4 55.2399 0.25 35.36 54.7570572875 0.05 35.36
4 54.6399 0.25 35.36 54.1570572875 0.05 35.36
4 54.6399 0.25 35.36 54.1570572875 0.05 35.36
4 54.0399 0.25 35.36 53.5570572875 0.05 35.36
4 54.0399 0.25 35.36 53.5570572875 0.05 35.36
4 53.4399 0.25 35.36 52.9570572875 0.05 35.36
4 53.4399 0.25 35.36 52.9570572875 0.05 35.36
4 52.8703623999 0.25 35.3717688644 52.3890081304 0.05 35.409652267
4 52.8703623999 0.25 35.3717688644 52.3890081304 0.05 35.409652267
4 53.0199 0.25 35.54 53.0199 0.05 36.0228427125
4 53.0199 0.25 35.54 53.0199 0.05 36.0228427125
4 53.1259660172 0.25 35.7660660172 53.4673873734 0.05 36.1074873734
4 53.1259660172 0.25 35.7660660172 53.4673873734 0.05 36.1074873734
4 53.4699 0.25 35.66 53.9527427125 0.05 35.66
4 53.4699 0.25 35.66 53.9527427125 0.05 35.66
4 54.0699 0.25 35.66 54.5527427125 0.05 35.66
4 54.0699 0.25 35.66 54.5527427125 0.05 35.66
4 54.6699 0.25 35.66 55.1527427125 0.05 35.66
4 54.6699 0.25 35.66 55.1527427125 0.05 35.66
4 55.2699 0.25 35.66 55.7527427125 0.05 35.66
4 55.2699 0.25 35.66 55.7527427125 0.05 35.66
4 55.8699 0.25 35.66 56.3527427125 0.05 35.66
4 55.8699 0.25 35.66 56.3527427125 0.05 35.66
4 56.4699 0.25 35.66 56.9527427125 0.05 35.66
4 56.4699 0.25 35.66 56.9527427125 0.05 35.66
4 57.0699 0.25 35.66 57.5527427125 0.05 35.66
4 57.0699 0.25 35.66 57.5527427125 0.05 35.66
4 57.6699 0.25 35.66 58.1527427125 0.05 35.66
4 57.6699 0.25 35.66 58.1527427125 0.05 35.66
4 58.0012525492 0.25 35.7481677878 58.3918805092 0.05 36.0319756134
4 58.0012525492 0.25 35.7481677878 58.3918805092 0.05 36.0319756134
4 57.8799 0.25 36.05 57.8799 0.05 36.5328427125
4 57.8799 0.25 36.05 57.8799 0.05 36.5328427125
4 57.7340445119 0.25 35.9950168046 57.264542782 0.05 36.1077341973
4 57.7340445119 0.25 35.9950168046 57.264542782 0.05 36.1077341973
4 57.2199 0.25 35.96 56.7370572875 0.05 35.96
4 57.2199 0.25 35.96 56.7370572875 0.05 35.96
4 56.6199 0.25 35.96 56.1370572875 0.05 35.96
4 56.6199 0.25 35.96 56.1370572875 0.05 35.96
4 56.0199 0.25 35.96 55.5370572875 0.05 35.96
4 56.0199 0.25 35.96 55.5370572875 0.05 35.96
4 55.4199 0.25 35.96 54.9370572875 0.05 35.96
4 55.4199 0.25 35.96 54.9370572875 0.05 35.96
4 54.8199 0.25 35.96 54.3370572875 0.05 35.96
4 54.8199 0.25 35.96 54.3370572875 0.05 35.96
4 54.2199 0.25 35.96 53.7370572875 0.05 35.96
4 54.2199 0.25 35.96 53.7370572875 0.05 35.96
4 53.6199 0.25 35.96 53.1370572875 0.05 35.96
4 53.6199 0.25 35.96 53.1370572875 0.05 35.96
4 53.0199 0.25 35.96 52.5370572875 0.05 35.96
4 53.0199 0.25 35.96 52.5370572875 0.05 35.96
4 52.9624974851 0.25 36.0985819299 52.7777215786 0.05 36.5446704294
4 52.9624974851 0.25 36.0985819299 52.7777215786 0.05 36.5446704294
4 53.0662525492 0.25 36.4026584774 53.2154591529 0.05 36.8618691855
4 53.0662525492 0.25 36.4026584774 53.2154591529 0.05 36.8618691855
4 53.2899 0.25 36.26 53.7727427125 0.05 36.26
4 53.2899 0.25 36.26 53.7727427125 0.05 36.26
4 53.8899 0.25 36.26 54.3727427125 0.05 36.26
4 53.8899 0.25 36.26 54.3727427125 0.05 36.26
4 54.4899 0.25 36.26 54.9727427125 0.05 36.26
4 54.4899 0.25 36.26 54.9727427125 0.05 36.26
4 55.0899 0.25 36.26 55.5727427125 0.05 36.26
4 55.0899 0.25 36.26 55.5727427125 0.05 36.26
4 55.6899 0.25 36.26 56.1727427125 0.05 36.26
4 55.6899 0.25 36.26 56.1727427125 0.05 36.26
4 56.2899 0.25 36.26 56.7727427125 0.05 36.26
4 56.2899 0.25 36.26 56.7727427125 0.05 36.26
4 56.8899 0.25 36.26 57.3727427125 0.05 36.26
4 56.8899 0.25 36.26 57.3727427125 0.05 36.26
4 57.4899 0.25 36.26 57.9727427125 0.05 36.26
4 57.4899 0.25 36.26 57.9727427125 0.05 36.26
4 58.0280532511 0.25 36.2834651698 58.5049513685 0.05 36.3589984112
4 58.0280532511 0.25 36.2834651698 58.5049513685 0.05 36.3589984112
4 57.8799 0.25 36.47 57.8799 0.05 36.9528427125
4 57.8799 0.25 36.47 57.8799 0.05 36.9528427125
4 57.7658391052 0.25 36.6574172072 57.3986826261 0.05 36.9709984645
4 57.7658391052 0.25 36.6574172072 57.3986826261 0.05 36.9709984645
4 57.3999 0.25 36.56 56.9170572875 0.05 36.56
4 57.3999 0.25 36.56 56.9170572875 0.05 36.56
4 56.7999 0.25 36.56 56.3170572875 0.05 36.56
4 56.7999 0.25 36.56 56.3170572875 0.05 36.56
4 56.1999 0.25 36.56 55.7170572875 0.05 36.56
4 56.1999 0.25 36.56 55.7170572875 0.05 36.56
4 55.5999 0.25 36.56 55.1170572875 0.05 36.56
4 55.5999 0.25 36.56 55.1170572875 0.05 36.56
4 54.9999 0.25 36.56 54.5170572875 0.05 36.56
4 54.9999 0.25 36.56 54.5170572875 0.05 36.56
4 54.3999 0.25 36.56 53.9170572875 0.05 36.56
4 54.3999 0.25 36.56 53.9170572875 0.05 36.56
4 53.7999 0.25 36.56 53.3170572875 0.05 36.56
4 53.7999 0.25 36.56 53.3170572875 0.05 36.56
4 53.1999 0.25 36.56 52.7170572875 0.05 36.56
4 53.1999 0.25 36.56 52.7170572875 0.05 36.56
4 52.9058391052 0.25 36.6574172072 52.5386826261 0.05 36.9709984645
4 52.9058391052 0.25 36.6574172072 52.5386826261 0.05 36.9709984645
4 53.0199 0.25 36.98 53.0199 0.05 37.4628427125
4 53.0199 0.25 36.98 53.0199 0.05 37.4628427125
4 53.1680532511 0.25 36.8834651698 53.6449513685 0.05 36.9589984112
4 53.1680532511 0.25 36.8834651698 53.6449513685 0.05 36.9589984112
4 53.7099 0.25 36.86 54.1927427125 0.05 36.86
4 53.7099 0.25 36.86 54.1927427125 0.05 36.86
4 54.3099 0.25 36.86 54.7927427125 0.05 36.86
4 54.3099 0.25 36.86 54.7927427125 0.05 36.86
4 54.9099 0.25 36.86 55.3927427125 0.05 36.86
4 54.9099 0.25 36.86 55.3927427125 0.05 36.86
4 55.5099 0.25 36.86 55.9927427125 0.05 36.86
4 55.5099 0.25 36.86 55.9927427125 0.05 36.86
4 56.1099 0.25 36.86 56.5927427125 0.05 36.86
4 56.1099 0.25 36.86 56.5927427125 0.05 36.86
4 56.7099 0.25 36.86 57.1927427125 0.05 36.86
4 56.7099 0.25 36.86 57.1927427125 0.05 36.86
4 57.3099 0.25 36.86 57.7927427125 0.05 36.86
4 57.3099 0.25 36.86 57.7927427125 0.05 36.86
4 57.9099 0.25 36.86 58.3927427125 0.05 36.86
4 57.9099 0.25 36.86 58.3927427125 0.05 36.86
4 57.9262525492 0.25 37.0026584774 58.0754591529 0.05 37.4618691855
4 57.9262525492 0.25 37.0026584774 58.0754591529 0.05 37.4618691855
4 57.8224974851 0.25 37.2985819299 57.6377215786 0.05 37.7446704294
4 57.8224974851 0.25 37.2985819299 57.6377215786 0.05 37.7446704294
4 57.5799 0.25 37.16 57.0970572875 0.05 37.16
4 57.5799 0.25 37.16 57.0970572875 0.05 37.16
4 56.9799 0.25 37.16 56.4970572875 0.05 37.16
4 56.9799 0.25 37.16 56.4970572875 0.05 37.16
4 56.3799 0.25 37.16 55.8970572875 0.05 37.16
4 56.3799 0.25 37.16 55.8970572875 0.05 37.16
4 55.7799 0.25 37.16 55.2970572875 0.05 37.16
4 55.7799 0.25 37.16 55.2970572875 0.05 37.16
4 55.1799 0.25 37.16 54.6970572875 0.05 37.16
4 55.1799 0.25 37.16 54.6970572875 0.05 37.16
4 54.5799 0.25 37.16 54.0970572875 0.05 37.16
4 54.5799 0.25 37.16 54.0970572875 0.05 37.16
4 53.9799 0.25 37.16 53.4970572875 0.05 37.16
4 53.9799 0.25 37.16 53.4970572875 0.05 37.16
4 53.3799 0.25 37.16 52.8970572875 0.05 37.16
4 53.3799 0.25 37.16 52.8970572875 0.05 37.16
4 52.8740445119 0.25 37.1950168046 52.404542782 0.05 37.3077341973
4 52.8740445119 0.25 37.1950168046 52.404542782 0.05 37.3077341973
4 53.0199 0.25 37.4 53.0199 0.05 37.8828427125
4 53.0199 0.25 37.4 53.0199 0.05 37.8828427125
4 53.1412525492 0.25 37.5481677878 53.5318805092 0.05 37.8319756134
4 53.1412525492 0.25 37.5481677878 53.5318805092 0.05 37.8319756134
4 53.5299 0.25 37.46 54.0127427125 0.05 37.46
4 53.5299 0.25 37.46 54.0127427125 0.05 37.46
4 54.1299 0.25 37.46 54.6127427125 0.05 37.46
4 54.1299 0.25 37.46 54.6127427125 0.05 37.46
4 54.7299 0.25 37.46 55.2127427125 0.05 37.46
4 54.7299 0.25 37.46 55.2127427125 0.05 37.46
4 55.3299 0.25 37.46 55.8127427125 0.05 37.46
4 55.3299 0.25 37.46 55.8127427125 0.05 37.46
4 55.9299 0.25 37.46 56.4127427125 0.05 37.46
4 55.9299 0.25 37.46 56.4127427125 0.05 37.46
4 56.5299 0.25 37.46 57.0127427125 0.05 37.46
4 56.5299 0.25 37.46 57.0127427125 0.05 37.46
4 57.1299 0.25 37.46 57.6127427125 0.05 37.46
4 57.1299 0.25 37.46 57.6127427125 0.05 37.46
4 57.7299 0.25 37.46 58.2127427125 0.05 37.46
4 57.7299 0.25 37.46 58.2127427125 0.05 37.46
4 57.9859660172 0.25 37.5660660172 58.3273873734 0.05 37.9074873734
4 57.9859660172 0.25 37.5660660172 58.3273873734 0.05 37.9074873734
4 57.8799 0.25 37.91 57.8799 0.05 38.3928427125
4 57.8799 0.25 37.91 57.8799 0.05 38.3928427125
4 57.7303623999 0.25 37.7717688644 57.2490081304 0.05 37.809652267
4 57.7303623999 0.25 37.7717688644 57.2490081304 0.05 37.809652267
4 57.1599 0.25 37.76 56.6770572875 0.05 37.76
4 57.1599 0.25 37.76 56.6770572875 0.05 37.76
4 56.5599 0.25 37.76 56.0770572875 0.05 37.76
4 56.5599 0.25 37.76 56.0770572875 0.05 37.76
4 55.9599 0.25 37.76 55.4770572875 0.05 37.76
4 55.9599 0.25 37.76 55.4770572875 0.05 37.76
4 55.3599 0.25 37.76 54.8770572875 0.05 37.76
4 55.3599 0.25 37.76 54.8770572875 0.05 37.76
4 54.7599 0.25 37.76 54.2770572875 0.05 37.76
4 54.7599 0.25 37.76 54.2770572875 0.05 37.76
4 54.1599 0.25 37.76 53.6770572875 0.05 37.76
4 54.1599 0.25 37.76 53.6770572875 0.05 37.76
4 53.5599 0.25 37.76 53.0770572875 0.05 37.76
4 53.5599 0.25 37.76 53.0770572875 0.05 37.76
4 52.9599 0.25 37.76 52.4770572875 0.05 37.76
4 52.9599 0.25 37.76 52.4770572875 0.05 37.76
4 52.9848831954 0.25 37.9058554881 52.8721658027 0.05 38.375357218
4 52.9848831954 0.25 37.9058554881 52.8721658027 0.05 38.375357218
4 53.087998575 0.25 38.1936509786 53.3072045793 0.05 38.6238669856
4 53.087998575 0.25 38.1936509786 53.3072045793 0.05 38.6238669856
4 53.3499 0.25 38.06 53.8327427125 0.05 38.06
4 53.3499 0.25 38.06 53.8327427125 0.05 38.06
4 53.9499 0.25 38.06 54.4327427125 0.05 38.06
4 53.9499 0.25 38.06 54.4327427125 0.05 38.06
4 54.5499 0.25 38.06 55.0327427125 0.05 38.06
4 54.5499 0.25 38.06 55.0327427125 0.05 38.06
4 55.1499 0.25 38.06 55.6327427125 0.05 38.06
4 55.1499 0.25 38.06 55.6327427125 0.05 38.06
4 55.7499 0.25 38.06 56.2327427125 0.05 38.06
4 55.7499 0.25 38.06 56.2327427125 0.05 38.06
4 56.3499 0.25 38.06 56.8327427125 0.05 38.06
4 56.3499 0.25 38.06 56.8327427125 0.05 38.06
4 56.9499 0.25 38.06 57.4327427125 0.05 38.06
4 56.9499 0.25 38.06 57.4327427125 0.05 38.06
4 57.5499 0.25 38.06 58.0327427125 0.05 38.06
4 57.5499 0.25 38.06 58.0327427125 0.05 38.06
4 58.0225584774 0.25 38.1063525492 58.4817691855 0.05 38.2555591529
4 58.0225584774 0.25 38.1063525492 58.4817691855 0.05 38.2555591529
4 57.8799 0.25 38.33 57.8799 0.05 38.8128427125
4 57.8799 0.25 38.33 57.8799 0.05 38.8128427125
4 57.7520039753 0.25 38.4383747847 57.3403128856 0.05 38.690659409
4 57.7520039753 0.25 38.4383747847 57.3403128856 0.05 38.690659409
4 57.3399 0.25 38.36 56.8570572875 0.05 38.36
4 57.3399 0.25 38.36 56.8570572875 0.05 38.36
4 56.7399 0.25 38.36 56.2570572875 0.05 38.36
4 56.7399 0.25 38.36 56.2570572875 0.05 38.36
4 56.1399 0.25 38.36 55.6570572875 0.05 38.36
4 56.1399 0.25 38.36 55.6570572875 0.05 38.36
4 55.5399 0.25 38.36 55.0570572875 0.05 38.36
4 55.5399 0.25 38.36 55.0570572875 0.05 38.36
4 54.9399 0.25 38.36 54.4570572875 0.05 38.36
4 54.9399 0.25 38.36 54.4570572875 0.05 38.36
4 54.3399 0.25 38.36 53.8570572875 0.05 38.36
4 54.3399 0.25 38.36 53.8570572875 0.05 38.36
4 53.7399 0.25 38.36 53.2570572875 0.05 38.36
4 53.7399 0.25 38.36 53.2570572875 0.05 38.36
4 53.1399 0.25 38.36 52.6570572875 0.05 38.36
4 53.1399 0.25 38.36 52.6570572875 0.05 38.36
4 52.9224827928 0.25 38.4740608948 52.6089015355 0.05 38.8412173739
4 52.9224827928 0.25 38.4740608948 52.6089015355 0.05 38.8412173739
4 53.0199 0.25 38.81 53.0199 0.05 39.2928427125
4 53.0199 0.25 38.81 53.0199 0.05 39.2928427125
4 53.1699 0.25 38.66 53.6527427125 0.05 38.66
4 53.1699 0.25 38.66 53.6527427125 0.05 38.66
4 53.7699 0.25 38.66 54.2527427125 0.05 38.66
4 53.7699 0.25 38.66 54.2527427125 0.05 38.66
4 54.3699 0.25 38.66 54.8527427125 0.05 38.66
4 54.3699 0.25 38.66 54.8527427125 0.05 38.66
4 54.9699 0.25 38.66 55.4527427125 0.05 38.66
4 54.9699 0.25 38.66 55.4527427125 0.05 38.66
4 55.5699 0.25 38.66 56.0527427125 0.05 38.66
4 55.5699 0.25 38.66 56.0527427125 0.05 38.66
4 56.1699 0.25 38.66 56.6527427125 0.05 38.66
4 56.1699 0.25 38.66 56.6527427125 0.05 38.66
4 56.7699 0.25 38.66 57.2527427125 0.05 38.66
4 56.7699 0.25 38.66 57.2527427125 0.05 38.66
4 57.3699 0.25 38.66 57.8527427125 0.05 38.66
4 57.3699 0.25 38.66 57.8527427125 0.05 38.66
4 57.9699 0.25 38.66 58.4527427125 0.05 38.66
4 57.9699 0.25 38.66 58.4527427125 0.05 38.66
4 57.9033651698 0.25 38.8081532511 57.9788984112 0.05 39.2850513685
4 57.9033651698 0.25 38.8081532511 57.9788984112 0.05 39.2850513685
4 57.8015252153 0.25 39.0878960247 57.549240591 0.05 39.4995871144
4 57.8015252153 0.25 39.0878960247 57.549240591 0.05 39.4995871144
4 57.5199 0.25 38.96 57.0370572875 0.05 38.96
4 57.5199 0.25 38.96 57.0370572875 0.05 38.96
4 56.9199 0.25 38.96 56.4370572875 0.05 38.96
4 56.9199 0.25 38.96 56.4370572875 0.05 38.96
4 56.3199 0.25 38.96 55.8370572875 0.05 38.96
4 56.3199 0.25 38.96 55.8370572875 0.05 38.96
4 55.7199 0.25 38.96 55.2370572875 0.05 38.96
4 55.7199 0.25 38.96 55.2370572875 0.05 38.96
4 55.1199 0.25 38.96 54.6370572875 0.05 38.96
4 55.1199 0.25 38.96 54.6370572875 0.05 38.96
4 54.5199 0.25 38.96 54.0370572875 0.05 38.96
4 54.5199 0.25 38.96 54.0370572875 0.05 38.96
4 53.9199 0.25 38.96 53.4370572875 0.05 38.96
4 53.9199 0.25 38.96 53.4370572875 0.05 38.96
4 53.3199 0.25 38.96 52.8370572875 0.05 38.96
4 53.3199 0.25 38.96 52.8370572875 0.05 38.96
4 52.8813180701 0.25 39.0174025149 52.4352295706 0.05 39.2021784214
4 52.8813180701 0.25 39.0174025149 52.4352295706 0.05 39.2021784214
4 53.0199 0.25 39.26 53.0199 0.05 39.7428427125
4 53.0199 0.25 39.26 53.0199 0.05 39.7428427125
4 53.1535509786 0.25 39.328098575 53.5837669856 0.05 39.5473045793
4 53.1535509786 0.25 39.328098575 53.5837669856 0.05 39.5473045793
4 53.5899 0.25 39.26 54.0727427125 0.05 39.26
4 53.5899 0.25 39.26 54.0727427125 0.05 39.26
4 54.1899 0.25 39.26 54.6727427125 0.05 39.26
4 54.1899 0.25 39.26 54.6727427125 0.05 39.26
4 54.7899 0.25 39.26 55.2727427125 0.05 39.26
4 54.7899 0.25 39.26 55.2727427125 0.05 39.26
4 55.3899 0.25 39.26 55.8727427125 0.05 39.26
4 55.3899 0.25 39.26 55.8727427125 0.05 39.26
4 55.9899 0.25 39.26 56.4727427125 0.05 39.26
4 55.9899 0.25 39.26 56.4727427125 0.05 39.26
4 56.5899 0.25 39.26 57.0727427125 0.05 39.26
4 56.5899 0.25 39.26 57.0727427125 0.05 39.26
4 57.1899 0.25 39.26 57.6727427125 0.05 39.26
4 57.1899 0.25 39.26 57.6727427125 0.05 39.26
4 57.7899 0.25 39.26 58.2727427125 0.05 39.26
4 57.7899 0.25 39.26 58.2727427125 0.05 39.26
4 57.9680677878 0.25 39.3813525492 58.2518756134 0.05 39.7719805092
4 57.9680677878 0.25 39.3813525492 58.2518756134 0.05 39.7719805092
4 57.8015252153 0.25 39.5078960247 57.549240591 0.05 39.9195871144
4 57.8015252153 0.25 39.5078960247 57.549240591 0.05 39.9195871144
4 57.5199 0.25 39.38 57.0370572875 0.05 39.38
4 57.5199 0.25 39.38 57.0370572875 0.05 39.38
4 56.9199 0.25 39.38 56.4370572875 0.05 39.38
4 56.9199 0.25 39.38 56.4370572875 0.05 39.38
4 56.3199 0.25 39.38 55.8370572875 0.05 39.38
4 56.3199 0.25 39.38 55.8370572875 0.05 39.38
4 55.7199 0.25 39.38 55.2370572875 0.05 39.38
4 55.7199 0.25 39.38 55.2370572875 0.05 39.38
4 55.1199 0.25 39.38 54.6370572875 0.05 39.38
4 55.1199 0.25 39.38 54.6370572875 0.05 39.38
4 54.5199 0.25 39.38 54.0370572875 0.05 39.38
4 54.5199 0.25 39.38 54.0370572875 0.05 39.38
4 53.9199 0.25 39.38 53.4370572875 0.05 39.38
4 53.9199 0.25 39.38 53.4370572875 0.05 39.38
4 53.3199 0.25 39.38 52.8370572875 0.05 39.38
4 53.3199 0.25 39.38 52.8370572875 0.05 39.38
4 52.8813180701 0.25 39.4374025149 52.4352295706 0.05 39.6221784214
4 52.8813180701 0.25 39.4374025149 52.4352295706 0.05 39.6221784214
