#first three elements, eye and last three, lookAt
#frame rate
#shutter_speed
0 37.725 0.25 37.575 38.2078427125 0.05 37.575
0 37.725 0.25 37.575 38.2078427125 0.05 37.575
0 40.725 0.25 37.575 41.2078427125 0.05 37.575
0 40.725 0.25 37.575 41.2078427125 0.05 37.575
0 42.275 0.25 38.025 42.275 0.05 38.5078427125
0 42.275 0.25 38.025 42.275 0.05 38.5078427125
0 40.125 0.25 37.875 39.6421572875 0.05 37.875
0 40.125 0.25 37.875 39.6421572875 0.05 37.875
0 37.3323415226 0.25 37.9213525492 36.8731308145 0.05 38.0705591529
0 37.3323415226 0.25 37.9213525492 36.8731308145 0.05 38.0705591529
0 38.525 0.25 38.175 39.0078427125 0.05 38.175
0 38.525 0.25 38.175 39.0078427125 0.05 38.175
0 41.525 0.25 38.175 42.0078427125 0.05 38.175
0 41.525 0.25 38.175 42.0078427125 0.05 38.175
0 42.1323415226 0.25 38.5213525492 41.6731308145 0.05 38.6705591529
0 42.1323415226 0.25 38.5213525492 41.6731308145 0.05 38.6705591529
0 39.325 0.25 38.475 38.8421572875 0.05 38.475
0 39.325 0.25 38.475 38.8421572875 0.05 38.475
0 37.475 0.25 38.625 37.475 0.05 39.1078427125
0 37.475 0.25 38.625 37.475 0.05 39.1078427125
0 39.325 0.25 38.775 39.8078427125 0.05 38.775
0 39.325 0.25 38.775 39.8078427125 0.05 38.775
0 42.325 0.25 38.775 42.8078427125 0.05 38.775
0 42.325 0.25 38.775 42.8078427125 0.05 38.775
0 41.525 0.25 39.075 41.0421572875 0.05 39.075
0 41.525 0.25 39.075 41.0421572875 0.05 39.075
0 38.525 0.25 39.075 38.0421572875 0.05 39.075
0 38.525 0.25 39.075 38.0421572875 0.05 39.075
0 37.5810660172 0.25 39.4810660172 37.9224873734 0.05 39.8224873734
0 37.5810660172 0.25 39.4810660172 37.9224873734 0.05 39.8224873734
0 40.125 0.25 39.375 40.6078427125 0.05 39.375
0 40.125 0.25 39.375 40.6078427125 0.05 39.375
0 42.343098575 0.25 39.5086509786 42.5623045793 0.05 39.9388669856
0 42.343098575 0.25 39.5086509786 42.5623045793 0.05 39.9388669856
0 40.725 0.25 39.675 40.2421572875 0.05 39.675
0 40.725 0.25 39.675 40.2421572875 0.05 39.675
0 37.725 0.25 39.675 37.2421572875 0.05 39.675
0 37.725 0.25 39.675 37.2421572875 0.05 39.675
0 37.925 0.25 39.975 38.4078427125 0.05 39.975
0 37.925 0.25 39.975 38.4078427125 0.05 39.975
0 40.925 0.25 39.975 41.4078427125 0.05 39.975
0 40.925 0.25 39.975 41.4078427125 0.05 39.975
0 42.2286474508 0.25 40.4176584774 42.0794408471 0.05 40.8768691855
0 42.2286474508 0.25 40.4176584774 42.0794408471 0.05 40.8768691855
0 39.925 0.25 40.275 39.4421572875 0.05 40.275
0 39.925 0.25 40.275 39.4421572875 0.05 40.275
0 37.3536474508 0.25 40.3631677878 36.9630194908 0.05 40.6469756134
0 37.3536474508 0.25 40.3631677878 36.9630194908 0.05 40.6469756134
0 38.725 0.25 40.575 39.2078427125 0.05 40.575
0 38.725 0.25 40.575 39.2078427125 0.05 40.575
0 41.725 0.25 40.575 42.2078427125 0.05 40.575
0 41.725 0.25 40.575 42.2078427125 0.05 40.575
0 42.125 0.25 40.875 41.6421572875 0.05 40.875
0 42.125 0.25 40.875 41.6421572875 0.05 40.875
0 39.125 0.25 40.875 38.6421572875 0.05 40.875
0 39.125 0.25 40.875 38.6421572875 0.05 40.875
0 37.475 0.25 41.225 37.475 0.05 41.7078427125
0 37.475 0.25 41.225 37.475 0.05 41.7078427125
0 39.525 0.25 41.175 40.0078427125 0.05 41.175
0 39.525 0.25 41.175 40.0078427125 0.05 41.175
0 42.4231532511 0.25 41.1984651698 42.9000513685 0.05 41.2739984112
0 42.4231532511 0.25 41.1984651698 42.9000513685 0.05 41.2739984112
0 41.325 0.25 41.475 40.8421572875 0.05 41.475
0 41.325 0.25 41.475 40.8421572875 0.05 41.475
0 38.325 0.25 41.475 37.8421572875 0.05 41.475
0 38.325 0.25 41.475 37.8421572875 0.05 41.475
0 37.6086509786 0.25 41.843098575 38.0388669856 0.05 42.0623045793
0 37.6086509786 0.25 41.843098575 38.0388669856 0.05 42.0623045793
0 40.325 0.25 41.775 40.8078427125 0.05 41.775
0 40.325 0.25 41.775 40.8078427125 0.05 41.775
0 42.2984651698 0.25 41.9231532511 42.3739984112 0.05 42.4000513685
0 42.2984651698 0.25 41.9231532511 42.3739984112 0.05 42.4000513685
0 40.525 0.25 42.075 40.0421572875 0.05 42.075
0 40.525 0.25 42.075 40.0421572875 0.05 42.075
0 37.525 0.25 42.075 37.0421572875 0.05 42.075
0 37.525 0.25 42.075 37.0421572875 0.05 42.075
0 38.125 0.25 42.375 38.6078427125 0.05 42.375
0 38.125 0.25 42.375 38.6078427125 0.05 42.375
0 41.125 0.25 42.375 41.6078427125 0.05 42.375
0 41.125 0.25 42.375 41.6078427125 0.05 42.375
0 42.1868322122 0.25 42.7963525492 41.9030243866 0.05 43.1869805092
0 42.1868322122 0.25 42.7963525492 41.9030243866 0.05 43.1869805092
0 39.725 0.25 42.675 39.2421572875 0.05 42.675
0 39.725 0.25 42.675 39.2421572875 0.05 42.675
0 37.3868322122 0.25 42.7963525492 37.1030243866 0.05 43.1869805092
0 37.3868322122 0.25 42.7963525492 37.1030243866 0.05 43.1869805092
0 38.925 0.25 42.975 39.4078427125 0.05 42.975
0 38.925 0.25 42.975 39.4078427125 0.05 42.975
0 41.925 0.25 42.975 42.4078427125 0.05 42.975
0 41.925 0.25 42.975 42.4078427125 0.05 42.975
0 41.925 0.25 43.275 41.4421572875 0.05 43.275
0 41.925 0.25 43.275 41.4421572875 0.05 43.275
0 38.925 0.25 43.275 38.4421572875 0.05 43.275
0 38.925 0.25 43.275 38.4421572875 0.05 43.275
0 37.4984651698 0.25 43.6231532511 37.5739984112 0.05 44.1000513685
0 37.4984651698 0.25 43.6231532511 37.5739984112 0.05 44.1000513685
0 39.725 0.25 43.475 40.2078427125 0.05 43.475
0 39.725 0.25 43.475 40.2078427125 0.05 43.475
0 42.4086509786 0.25 43.543098575 42.8388669856 0.05 43.7623045793
0 42.4086509786 0.25 43.543098575 42.8388669856 0.05 43.7623045793
1 37.725 0.25 32.375 38.2078427125 0.05 32.375
1 37.725 0.25 32.375 38.2078427125 0.05 32.375
1 40.725 0.25 32.375 41.2078427125 0.05 32.375
1 40.725 0.25 32.375 41.2078427125 0.05 32.375
1 43.725 0.25 32.375 44.2078427125 0.05 32.375
1 43.725 0.25 32.375 44.2078427125 0.05 32.375
1 46.725 0.25 32.375 47.2078427125 0.05 32.375
1 46.725 0.25 32.375 47.2078427125 0.05 32.375
1 47.2268467489 0.25 32.6984651698 46.7499486315 0.05 32.7739984112
1 47.2268467489 0.25 32.6984651698 46.7499486315 0.05 32.7739984112
1 44.325 0.25 32.675 43.8421572875 0.05 32.675
1 44.325 0.25 32.675 43.8421572875 0.05 32.675
1 41.325 0.25 32.675 40.8421572875 0.05 32.675
1 41.325 0.25 32.675 40.8421572875 0.05 32.675
1 38.325 0.25 32.675 37.8421572875 0.05 32.675
1 38.325 0.25 32.675 37.8421572875 0.05 32.675
1 37.6086509786 0.25 33.043098575 38.0388669856 0.05 33.2623045793
1 37.6086509786 0.25 33.043098575 38.0388669856 0.05 33.2623045793
1 40.325 0.25 32.975 40.8078427125 0.05 32.975
1 40.325 0.25 32.975 40.8078427125 0.05 32.975
1 43.325 0.25 32.975 43.8078427125 0.05 32.975
1 43.325 0.25 32.975 43.8078427125 0.05 32.975
1 46.325 0.25 32.975 46.8078427125 0.05 32.975
1 46.325 0.25 32.975 46.8078427125 0.05 32.975
1 47.2689339828 0.25 33.3810660172 46.9275126266 0.05 33.7224873734
1 47.2689339828 0.25 33.3810660172 46.9275126266 0.05 33.7224873734
1 44.725 0.25 33.275 44.2421572875 0.05 33.275
1 44.725 0.25 33.275 44.2421572875 0.05 33.275
1 41.725 0.25 33.275 41.2421572875 0.05 33.275
1 41.725 0.25 33.275 41.2421572875 0.05 33.275
1 38.725 0.25 33.275 38.2421572875 0.05 33.275
1 38.725 0.25 33.275 38.2421572875 0.05 33.275
1 37.543098575 0.25 33.7086509786 37.7623045793 0.05 34.1388669856
1 37.543098575 0.25 33.7086509786 37.7623045793 0.05 34.1388669856
1 39.925 0.25 33.575 40.4078427125 0.05 33.575
1 39.925 0.25 33.575 40.4078427125 0.05 33.575
1 42.925 0.25 33.575 43.4078427125 0.05 33.575
1 42.925 0.25 33.575 43.4078427125 0.05 33.575
1 45.925 0.25 33.575 46.4078427125 0.05 33.575
1 45.925 0.25 33.575 46.4078427125 0.05 33.575
1 47.3515348302 0.25 34.0231532511 47.2760015888 0.05 34.5000513685
1 47.3515348302 0.25 34.0231532511 47.2760015888 0.05 34.5000513685
1 45.125 0.25 33.875 44.6421572875 0.05 33.875
1 45.125 0.25 33.875 44.6421572875 0.05 33.875
1 42.125 0.25 33.875 41.6421572875 0.05 33.875
1 42.125 0.25 33.875 41.6421572875 0.05 33.875
1 39.125 0.25 33.875 38.6421572875 0.05 33.875
1 39.125 0.25 33.875 38.6421572875 0.05 33.875
1 37.475 0.25 34.225 37.475 0.05 34.7078427125
1 37.475 0.25 34.225 37.475 0.05 34.7078427125
1 39.525 0.25 34.175 40.0078427125 0.05 34.175
1 39.525 0.25 34.175 40.0078427125 0.05 34.175
1 42.525 0.25 34.175 43.0078427125 0.05 34.175
1 42.525 0.25 34.175 43.0078427125 0.05 34.175
1 45.525 0.25 34.175 46.0078427125 0.05 34.175
1 45.525 0.25 34.175 46.0078427125 0.05 34.175
1 47.375 0.25 34.325 47.375 0.05 34.8078427125
1 47.375 0.25 34.325 47.375 0.05 34.8078427125
1 45.525 0.25 34.475 45.0421572875 0.05 34.475
1 45.525 0.25 34.475 45.0421572875 0.05 34.475
1 42.525 0.25 34.475 42.0421572875 0.05 34.475
1 42.525 0.25 34.475 42.0421572875 0.05 34.475
1 39.525 0.25 34.475 39.0421572875 0.05 34.475
1 39.525 0.25 34.475 39.0421572875 0.05 34.475
1 37.4286474508 0.25 34.6176584774 37.2794408471 0.05 35.0768691855
1 37.4286474508 0.25 34.6176584774 37.2794408471 0.05 35.0768691855
1 39.125 0.25 34.775 39.6078427125 0.05 34.775
1 39.125 0.25 34.775 39.6078427125 0.05 34.775
1 42.125 0.25 34.775 42.6078427125 0.05 34.775
1 42.125 0.25 34.775 42.6078427125 0.05 34.775
1 45.125 0.25 34.775 45.6078427125 0.05 34.775
1 45.125 0.25 34.775 45.6078427125 0.05 34.775
1 47.4631677878 0.25 34.8963525492 47.7469756134 0.05 35.2869805092
1 47.4631677878 0.25 34.8963525492 47.7469756134 0.05 35.2869805092
1 45.925 0.25 35.075 45.4421572875 0.05 35.075
1 45.925 0.25 35.075 45.4421572875 0.05 35.075
1 42.925 0.25 35.075 42.4421572875 0.05 35.075
1 42.925 0.25 35.075 42.4421572875 0.05 35.075
1 39.925 0.25 35.075 39.4421572875 0.05 35.075
1 39.925 0.25 35.075 39.4421572875 0.05 35.075
1 37.3536474508 0.25 35.1631677878 36.9630194908 0.05 35.4469756134
1 37.3536474508 0.25 35.1631677878 36.9630194908 0.05 35.4469756134
1 38.725 0.25 35.375 39.2078427125 0.05 35.375
1 38.725 0.25 35.375 39.2078427125 0.05 35.375
1 41.725 0.25 35.375 42.2078427125 0.05 35.375
1 41.725 0.25 35.375 42.2078427125 0.05 35.375
1 44.725 0.25 35.375 45.2078427125 0.05 35.375
1 44.725 0.25 35.375 45.2078427125 0.05 35.375
1 47.5176584774 0.25 35.4213525492 47.9768691855 0.05 35.5705591529
1 47.5176584774 0.25 35.4213525492 47.9768691855 0.05 35.5705591529
1 46.325 0.25 35.675 45.8421572875 0.05 35.675
1 46.325 0.25 35.675 45.8421572875 0.05 35.675
1 43.325 0.25 35.675 42.8421572875 0.05 35.675
1 43.325 0.25 35.675 42.8421572875 0.05 35.675
1 40.325 0.25 35.675 39.8421572875 0.05 35.675
1 40.325 0.25 35.675 39.8421572875 0.05 35.675
1 37.325 0.25 35.675 36.8421572875 0.05 35.675
1 37.325 0.25 35.675 36.8421572875 0.05 35.675
1 38.325 0.25 35.975 38.8078427125 0.05 35.975
1 38.325 0.25 35.975 38.8078427125 0.05 35.975
1 41.325 0.25 35.975 41.8078427125 0.05 35.975
1 41.325 0.25 35.975 41.8078427125 0.05 35.975
1 44.325 0.25 35.975 44.8078427125 0.05 35.975
1 44.325 0.25 35.975 44.8078427125 0.05 35.975
1 47.325 0.25 35.975 47.8078427125 0.05 35.975
1 47.325 0.25 35.975 47.8078427125 0.05 35.975
1 46.725 0.25 36.275 46.2421572875 0.05 36.275
1 46.725 0.25 36.275 46.2421572875 0.05 36.275
1 43.725 0.25 36.275 43.2421572875 0.05 36.275
1 43.725 0.25 36.275 43.2421572875 0.05 36.275
1 40.725 0.25 36.275 40.2421572875 0.05 36.275
1 40.725 0.25 36.275 40.2421572875 0.05 36.275
1 37.725 0.25 36.275 37.2421572875 0.05 36.275
1 37.725 0.25 36.275 37.2421572875 0.05 36.275
1 37.925 0.25 36.575 38.4078427125 0.05 36.575
1 37.925 0.25 36.575 38.4078427125 0.05 36.575
1 40.925 0.25 36.575 41.4078427125 0.05 36.575
1 40.925 0.25 36.575 41.4078427125 0.05 36.575
1 43.925 0.25 36.575 44.4078427125 0.05 36.575
1 43.925 0.25 36.575 44.4078427125 0.05 36.575
1 46.925 0.25 36.575 47.4078427125 0.05 36.575
1 46.925 0.25 36.575 47.4078427125 0.05 36.575
1 47.125 0.25 36.875 46.6421572875 0.05 36.875
1 47.125 0.25 36.875 46.6421572875 0.05 36.875
1 44.125 0.25 36.875 43.6421572875 0.05 36.875
1 44.125 0.25 36.875 43.6421572875 0.05 36.875
1 41.125 0.25 36.875 40.6421572875 0.05 36.875
1 41.125 0.25 36.875 40.6421572875 0.05 36.875
1 38.125 0.25 36.875 37.6421572875 0.05 36.875
1 38.125 0.25 36.875 37.6421572875 0.05 36.875
1 37.6231532511 0.25 37.1984651698 38.1000513685 0.05 37.2739984112
1 37.6231532511 0.25 37.1984651698 38.1000513685 0.05 37.2739984112
1 40.525 0.25 37.175 41.0078427125 0.05 37.175
1 40.525 0.25 37.175 41.0078427125 0.05 37.175
1 43.525 0.25 37.175 44.0078427125 0.05 37.175
1 43.525 0.25 37.175 44.0078427125 0.05 37.175
1 46.525 0.25 37.175 47.0078427125 0.05 37.175
1 46.525 0.25 37.175 47.0078427125 0.05 37.175
1 47.2268467489 0.25 37.1984651698 46.7499486315 0.05 37.2739984112
1 47.2268467489 0.25 37.1984651698 46.7499486315 0.05 37.2739984112
1 44.325 0.25 37.175 43.8421572875 0.05 37.175
1 44.325 0.25 37.175 43.8421572875 0.05 37.175
1 41.325 0.25 37.175 40.8421572875 0.05 37.175
1 41.325 0.25 37.175 40.8421572875 0.05 37.175
1 38.325 0.25 37.175 37.8421572875 0.05 37.175
1 38.325 0.25 37.175 37.8421572875 0.05 37.175
2 42.825 0.25 37.475 43.3078427125 0.05 37.475
2 42.825 0.25 37.475 43.3078427125 0.05 37.475
2 45.825 0.25 37.475 46.3078427125 0.05 37.475
2 45.825 0.25 37.475 46.3078427125 0.05 37.475
2 47.375 0.25 37.925 47.375 0.05 38.4078427125
2 47.375 0.25 37.925 47.375 0.05 38.4078427125
2 45.225 0.25 37.775 44.7421572875 0.05 37.775
2 45.225 0.25 37.775 44.7421572875 0.05 37.775
2 42.4323415226 0.25 37.8213525492 41.9731308145 0.05 37.9705591529
2 42.4323415226 0.25 37.8213525492 41.9731308145 0.05 37.9705591529
2 43.625 0.25 38.075 44.1078427125 0.05 38.075
2 43.625 0.25 38.075 44.1078427125 0.05 38.075
2 46.625 0.25 38.075 47.1078427125 0.05 38.075
2 46.625 0.25 38.075 47.1078427125 0.05 38.075
2 47.2323415226 0.25 38.4213525492 46.7731308145 0.05 38.5705591529
2 47.2323415226 0.25 38.4213525492 46.7731308145 0.05 38.5705591529
2 44.425 0.25 38.375 43.9421572875 0.05 38.375
2 44.425 0.25 38.375 43.9421572875 0.05 38.375
2 42.575 0.25 38.525 42.575 0.05 39.0078427125
2 42.575 0.25 38.525 42.575 0.05 39.0078427125
2 44.425 0.25 38.675 44.9078427125 0.05 38.675
2 44.425 0.25 38.675 44.9078427125 0.05 38.675
2 47.425 0.25 38.675 47.9078427125 0.05 38.675
2 47.425 0.25 38.675 47.9078427125 0.05 38.675
2 46.625 0.25 38.975 46.1421572875 0.05 38.975
2 46.625 0.25 38.975 46.1421572875 0.05 38.975
2 43.625 0.25 38.975 43.1421572875 0.05 38.975
2 43.625 0.25 38.975 43.1421572875 0.05 38.975
2 42.6810660172 0.25 39.3810660172 43.0224873734 0.05 39.7224873734
2 42.6810660172 0.25 39.3810660172 43.0224873734 0.05 39.7224873734
2 45.225 0.25 39.275 45.7078427125 0.05 39.275
2 45.225 0.25 39.275 45.7078427125 0.05 39.275
2 47.443098575 0.25 39.4086509786 47.6623045793 0.05 39.8388669856
2 47.443098575 0.25 39.4086509786 47.6623045793 0.05 39.8388669856
2 45.825 0.25 39.575 45.3421572875 0.05 39.575
2 45.825 0.25 39.575 45.3421572875 0.05 39.575
2 42.825 0.25 39.575 42.3421572875 0.05 39.575
2 42.825 0.25 39.575 42.3421572875 0.05 39.575
2 43.025 0.25 39.875 43.5078427125 0.05 39.875
2 43.025 0.25 39.875 43.5078427125 0.05 39.875
2 46.025 0.25 39.875 46.5078427125 0.05 39.875
2 46.025 0.25 39.875 46.5078427125 0.05 39.875
2 47.3286474508 0.25 40.3176584774 47.1794408471 0.05 40.7768691855
2 47.3286474508 0.25 40.3176584774 47.1794408471 0.05 40.7768691855
2 45.025 0.25 40.175 44.5421572875 0.05 40.175
2 45.025 0.25 40.175 44.5421572875 0.05 40.175
2 42.4536474508 0.25 40.2631677878 42.0630194908 0.05 40.5469756134
2 42.4536474508 0.25 40.2631677878 42.0630194908 0.05 40.5469756134
2 43.925 0.25 40.275 44.4078427125 0.05 40.275
2 43.925 0.25 40.275 44.4078427125 0.05 40.275
2 46.925 0.25 40.275 47.4078427125 0.05 40.275
2 46.925 0.25 40.275 47.4078427125 0.05 40.275
3 42.825 0.25 40.575 43.3078427125 0.05 40.575
3 42.825 0.25 40.575 43.3078427125 0.05 40.575
3 45.825 0.25 40.575 46.3078427125 0.05 40.575
3 45.825 0.25 40.575 46.3078427125 0.05 40.575
3 47.375 0.25 41.025 47.375 0.05 41.5078427125
3 47.375 0.25 41.025 47.375 0.05 41.5078427125
3 45.225 0.25 40.875 44.7421572875 0.05 40.875
3 45.225 0.25 40.875 44.7421572875 0.05 40.875
3 42.4323415226 0.25 40.9213525492 41.9731308145 0.05 41.0705591529
3 42.4323415226 0.25 40.9213525492 41.9731308145 0.05 41.0705591529
3 43.625 0.25 41.175 44.1078427125 0.05 41.175
3 43.625 0.25 41.175 44.1078427125 0.05 41.175
3 46.625 0.25 41.175 47.1078427125 0.05 41.175
3 46.625 0.25 41.175 47.1078427125 0.05 41.175
3 47.2323415226 0.25 41.5213525492 46.7731308145 0.05 41.6705591529
3 47.2323415226 0.25 41.5213525492 46.7731308145 0.05 41.6705591529
3 44.425 0.25 41.475 43.9421572875 0.05 41.475
3 44.425 0.25 41.475 43.9421572875 0.05 41.475
3 42.575 0.25 41.625 42.575 0.05 42.1078427125
3 42.575 0.25 41.625 42.575 0.05 42.1078427125
3 44.425 0.25 41.775 44.9078427125 0.05 41.775
3 44.425 0.25 41.775 44.9078427125 0.05 41.775
3 47.425 0.25 41.775 47.9078427125 0.05 41.775
3 47.425 0.25 41.775 47.9078427125 0.05 41.775
3 46.625 0.25 42.075 46.1421572875 0.05 42.075
3 46.625 0.25 42.075 46.1421572875 0.05 42.075
3 43.625 0.25 42.075 43.1421572875 0.05 42.075
3 43.625 0.25 42.075 43.1421572875 0.05 42.075
3 42.6810660172 0.25 42.4810660172 43.0224873734 0.05 42.8224873734
3 42.6810660172 0.25 42.4810660172 43.0224873734 0.05 42.8224873734
3 45.225 0.25 42.375 45.7078427125 0.05 42.375
3 45.225 0.25 42.375 45.7078427125 0.05 42.375
3 47.443098575 0.25 42.5086509786 47.6623045793 0.05 42.9388669856
3 47.443098575 0.25 42.5086509786 47.6623045793 0.05 42.9388669856
3 45.825 0.25 42.675 45.3421572875 0.05 42.675
3 45.825 0.25 42.675 45.3421572875 0.05 42.675
3 42.825 0.25 42.675 42.3421572875 0.05 42.675
3 42.825 0.25 42.675 42.3421572875 0.05 42.675
3 43.025 0.25 42.975 43.5078427125 0.05 42.975
3 43.025 0.25 42.975 43.5078427125 0.05 42.975
3 46.025 0.25 42.975 46.5078427125 0.05 42.975
3 46.025 0.25 42.975 46.5078427125 0.05 42.975
3 47.3286474508 0.25 43.4176584774 47.1794408471 0.05 43.8768691855
3 47.3286474508 0.25 43.4176584774 47.1794408471 0.05 43.8768691855
3 45.025 0.25 43.275 44.5421572875 0.05 43.275
3 45.025 0.25 43.275 44.5421572875 0.05 43.275
3 42.4536474508 0.25 43.3631677878 42.0630194908 0.05 43.6469756134
3 42.4536474508 0.25 43.3631677878 42.0630194908 0.05 43.6469756134
3 43.825 0.25 43.475 44.3078427125 0.05 43.475
3 43.825 0.25 43.475 44.3078427125 0.05 43.475
3 46.825 0.25 43.475 47.3078427125 0.05 43.475
3 46.825 0.25 43.475 47.3078427125 0.05 43.475
4 47.925 0.25 32.375 48.4078427125 0.05 32.375
4 47.925 0.25 32.375 48.4078427125 0.05 32.375
4 50.925 0.25 32.375 51.4078427125 0.05 32.375
4 50.925 0.25 32.375 51.4078427125 0.05 32.375
4 51.4268467489 0.25 32.6984651698 50.9499486315 0.05 32.7739984112
4 51.4268467489 0.25 32.6984651698 50.9499486315 0.05 32.7739984112
4 48.525 0.25 32.675 48.0421572875 0.05 32.675
4 48.525 0.25 32.675 48.0421572875 0.05 32.675
4 47.8086509786 0.25 33.043098575 48.2388669856 0.05 33.2623045793
4 47.8086509786 0.25 33.043098575 48.2388669856 0.05 33.2623045793
4 50.525 0.25 32.975 51.0078427125 0.05 32.975
4 50.525 0.25 32.975 51.0078427125 0.05 32.975
4 51.4689339828 0.25 33.3810660172 51.1275126266 0.05 33.7224873734
4 51.4689339828 0.25 33.3810660172 51.1275126266 0.05 33.7224873734
4 48.925 0.25 33.275 48.4421572875 0.05 33.275
4 48.925 0.25 33.275 48.4421572875 0.05 33.275
4 47.743098575 0.25 33.7086509786 47.9623045793 0.05 34.1388669856
4 47.743098575 0.25 33.7086509786 47.9623045793 0.05 34.1388669856
4 50.125 0.25 33.575 50.6078427125 0.05 33.575
4 50.125 0.25 33.575 50.6078427125 0.05 33.575
4 51.5515348302 0.25 34.0231532511 51.4760015888 0.05 34.5000513685
4 51.5515348302 0.25 34.0231532511 51.4760015888 0.05 34.5000513685
4 49.325 0.25 33.875 48.8421572875 0.05 33.875
4 49.325 0.25 33.875 48.8421572875 0.05 33.875
4 47.675 0.25 34.225 47.675 0.05 34.7078427125
4 47.675 0.25 34.225 47.675 0.05 34.7078427125
4 49.725 0.25 34.175 50.2078427125 0.05 34.175
4 49.725 0.25 34.175 50.2078427125 0.05 34.175
4 51.575 0.25 34.325 51.575 0.05 34.8078427125
4 51.575 0.25 34.325 51.575 0.05 34.8078427125
4 49.725 0.25 34.475 49.2421572875 0.05 34.475
4 49.725 0.25 34.475 49.2421572875 0.05 34.475
4 47.6286474508 0.25 34.6176584774 47.4794408471 0.05 35.0768691855
4 47.6286474508 0.25 34.6176584774 47.4794408471 0.05 35.0768691855
4 49.325 0.25 34.775 49.8078427125 0.05 34.775
4 49.325 0.25 34.775 49.8078427125 0.05 34.775
4 51.6631677878 0.25 34.8963525492 51.9469756134 0.05 35.2869805092
4 51.6631677878 0.25 34.8963525492 51.9469756134 0.05 35.2869805092
4 50.125 0.25 35.075 49.6421572875 0.05 35.075
4 50.125 0.25 35.075 49.6421572875 0.05 35.075
4 47.5536474508 0.25 35.1631677878 47.1630194908 0.05 35.4469756134
4 47.5536474508 0.25 35.1631677878 47.1630194908 0.05 35.4469756134
4 48.925 0.25 35.375 49.4078427125 0.05 35.375
4 48.925 0.25 35.375 49.4078427125 0.05 35.375
4 51.7176584774 0.25 35.4213525492 52.1768691855 0.05 35.5705591529
4 51.7176584774 0.25 35.4213525492 52.1768691855 0.05 35.5705591529
4 50.525 0.25 35.675 50.0421572875 0.05 35.675
4 50.525 0.25 35.675 50.0421572875 0.05 35.675
4 47.525 0.25 35.675 47.0421572875 0.05 35.675
4 47.525 0.25 35.675 47.0421572875 0.05 35.675
4 48.525 0.25 35.975 49.0078427125 0.05 35.975
4 48.525 0.25 35.975 49.0078427125 0.05 35.975
4 51.525 0.25 35.975 52.0078427125 0.05 35.975
4 51.525 0.25 35.975 52.0078427125 0.05 35.975
4 50.925 0.25 36.275 50.4421572875 0.05 36.275
4 50.925 0.25 36.275 50.4421572875 0.05 36.275
4 47.925 0.25 36.275 47.4421572875 0.05 36.275
4 47.925 0.25 36.275 47.4421572875 0.05 36.275
4 48.125 0.25 36.575 48.6078427125 0.05 36.575
4 48.125 0.25 36.575 48.6078427125 0.05 36.575
4 51.125 0.25 36.575 51.6078427125 0.05 36.575
4 51.125 0.25 36.575 51.6078427125 0.05 36.575
4 51.325 0.25 36.875 50.8421572875 0.05 36.875
4 51.325 0.25 36.875 50.8421572875 0.05 36.875
4 48.325 0.25 36.875 47.8421572875 0.05 36.875
4 48.325 0.25 36.875 47.8421572875 0.05 36.875
4 47.8231532511 0.25 37.1984651698 48.3000513685 0.05 37.2739984112
4 47.8231532511 0.25 37.1984651698 48.3000513685 0.05 37.2739984112
4 50.725 0.25 37.175 51.2078427125 0.05 37.175
4 50.725 0.25 37.175 51.2078427125 0.05 37.175
4 51.4268467489 0.25 37.1984651698 50.9499486315 0.05 37.2739984112
4 51.4268467489 0.25 37.1984651698 50.9499486315 0.05 37.2739984112
4 48.525 0.25 37.175 48.0421572875 0.05 37.175
4 48.525 0.25 37.175 48.0421572875 0.05 37.175
5 47.925 0.25 37.475 48.4078427125 0.05 37.475
5 47.925 0.25 37.475 48.4078427125 0.05 37.475
5 50.925 0.25 37.475 51.4078427125 0.05 37.475
5 50.925 0.25 37.475 51.4078427125 0.05 37.475
5 51.4268467489 0.25 37.7984651698 50.9499486315 0.05 37.8739984112
5 51.4268467489 0.25 37.7984651698 50.9499486315 0.05 37.8739984112
5 48.525 0.25 37.775 48.0421572875 0.05 37.775
5 48.525 0.25 37.775 48.0421572875 0.05 37.775
5 47.8086509786 0.25 38.143098575 48.2388669856 0.05 38.3623045793
5 47.8086509786 0.25 38.143098575 48.2388669856 0.05 38.3623045793
5 50.525 0.25 38.075 51.0078427125 0.05 38.075
5 50.525 0.25 38.075 51.0078427125 0.05 38.075
5 51.4689339828 0.25 38.4810660172 51.1275126266 0.05 38.8224873734
5 51.4689339828 0.25 38.4810660172 51.1275126266 0.05 38.8224873734
5 48.925 0.25 38.375 48.4421572875 0.05 38.375
5 48.925 0.25 38.375 48.4421572875 0.05 38.375
5 47.743098575 0.25 38.8086509786 47.9623045793 0.05 39.2388669856
5 47.743098575 0.25 38.8086509786 47.9623045793 0.05 39.2388669856
5 50.125 0.25 38.675 50.6078427125 0.05 38.675
5 50.125 0.25 38.675 50.6078427125 0.05 38.675
5 51.5515348302 0.25 39.1231532511 51.4760015888 0.05 39.6000513685
5 51.5515348302 0.25 39.1231532511 51.4760015888 0.05 39.6000513685
5 49.325 0.25 38.975 48.8421572875 0.05 38.975
5 49.325 0.25 38.975 48.8421572875 0.05 38.975
5 47.675 0.25 39.325 47.675 0.05 39.8078427125
5 47.675 0.25 39.325 47.675 0.05 39.8078427125
5 49.725 0.25 39.275 50.2078427125 0.05 39.275
5 49.725 0.25 39.275 50.2078427125 0.05 39.275
5 51.575 0.25 39.425 51.575 0.05 39.9078427125
5 51.575 0.25 39.425 51.575 0.05 39.9078427125
5 49.725 0.25 39.575 49.2421572875 0.05 39.575
5 49.725 0.25 39.575 49.2421572875 0.05 39.575
5 47.6286474508 0.25 39.7176584774 47.4794408471 0.05 40.1768691855
5 47.6286474508 0.25 39.7176584774 47.4794408471 0.05 40.1768691855
5 49.325 0.25 39.875 49.8078427125 0.05 39.875
5 49.325 0.25 39.875 49.8078427125 0.05 39.875
5 51.6631677878 0.25 39.9963525492 51.9469756134 0.05 40.3869805092
5 51.6631677878 0.25 39.9963525492 51.9469756134 0.05 40.3869805092
5 50.125 0.25 40.175 49.6421572875 0.05 40.175
5 50.125 0.25 40.175 49.6421572875 0.05 40.175
5 47.5536474508 0.25 40.2631677878 47.1630194908 0.05 40.5469756134
5 47.5536474508 0.25 40.2631677878 47.1630194908 0.05 40.5469756134
5 48.925 0.25 40.475 49.4078427125 0.05 40.475
5 48.925 0.25 40.475 49.4078427125 0.05 40.475
5 51.7176584774 0.25 40.5213525492 52.1768691855 0.05 40.6705591529
5 51.7176584774 0.25 40.5213525492 52.1768691855 0.05 40.6705591529
5 50.525 0.25 40.775 50.0421572875 0.05 40.775
5 50.525 0.25 40.775 50.0421572875 0.05 40.775
5 47.525 0.25 40.775 47.0421572875 0.05 40.775
5 47.525 0.25 40.775 47.0421572875 0.05 40.775
5 48.525 0.25 41.075 49.0078427125 0.05 41.075
5 48.525 0.25 41.075 49.0078427125 0.05 41.075
5 51.525 0.25 41.075 52.0078427125 0.05 41.075
5 51.525 0.25 41.075 52.0078427125 0.05 41.075
5 50.925 0.25 41.375 50.4421572875 0.05 41.375
5 50.925 0.25 41.375 50.4421572875 0.05 41.375
5 47.925 0.25 41.375 47.4421572875 0.05 41.375
5 47.925 0.25 41.375 47.4421572875 0.05 41.375
5 48.125 0.25 41.675 48.6078427125 0.05 41.675
5 48.125 0.25 41.675 48.6078427125 0.05 41.675
5 51.125 0.25 41.675 51.6078427125 0.05 41.675
5 51.125 0.25 41.675 51.6078427125 0.05 41.675
5 51.325 0.25 41.975 50.8421572875 0.05 41.975
5 51.325 0.25 41.975 50.8421572875 0.05 41.975
5 48.325 0.25 41.975 47.8421572875 0.05 41.975
5 48.325 0.25 41.975 47.8421572875 0.05 41.975
5 47.8231532511 0.25 42.2984651698 48.3000513685 0.05 42.3739984112
5 47.8231532511 0.25 42.2984651698 48.3000513685 0.05 42.3739984112
5 50.725 0.25 42.275 51.2078427125 0.05 42.275
5 50.725 0.25 42.275 51.2078427125 0.05 42.275
5 51.4413490214 0.25 42.643098575 51.0111330144 0.05 42.8623045793
5 51.4413490214 0.25 42.643098575 51.0111330144 0.05 42.8623045793
5 48.725 0.25 42.575 48.2421572875 0.05 42.575
5 48.725 0.25 42.575 48.2421572875 0.05 42.575
5 47.7810660172 0.25 42.9810660172 48.1224873734 0.05 43.3224873734
5 47.7810660172 0.25 42.9810660172 48.1224873734 0.05 43.3224873734
5 50.325 0.25 42.875 50.8078427125 0.05 42.875
5 50.325 0.25 42.875 50.8078427125 0.05 42.875
5 51.506901425 0.25 43.3086509786 51.2876954207 0.05 43.7388669856
5 51.506901425 0.25 43.3086509786 51.2876954207 0.05 43.7388669856
5 49.125 0.25 43.175 48.6421572875 0.05 43.175
5 49.125 0.25 43.175 48.6421572875 0.05 43.175
5 47.6984651698 0.25 43.6231532511 47.7739984112 0.05 44.1000513685
5 47.6984651698 0.25 43.6231532511 47.7739984112 0.05 44.1000513685
5 49.925 0.25 43.475 50.4078427125 0.05 43.475
5 49.925 0.25 43.475 50.4078427125 0.05 43.475
5 51.5515348302 0.25 43.6231532511 51.4760015888 0.05 44.1000513685
5 51.5515348302 0.25 43.6231532511 51.4760015888 0.05 44.1000513685
5 49.325 0.25 43.475 48.8421572875 0.05 43.475
5 49.325 0.25 43.475 48.8421572875 0.05 43.475
