#first three elements, eye and last three, lookAt
#frame rate
#shutter_speed
7 30.66 0.25 37.69 31.1428427125 0.05 37.69
7 30.66 0.25 37.69 31.1428427125 0.05 37.69
7 31.26 0.25 37.69 31.7428427125 0.05 37.69
7 31.26 0.25 37.69 31.7428427125 0.05 37.69
7 31.86 0.25 37.69 32.3428427125 0.05 37.69
7 31.86 0.25 37.69 32.3428427125 0.05 37.69
7 32.46 0.25 37.69 32.9428427125 0.05 37.69
7 32.46 0.25 37.69 32.9428427125 0.05 37.69
7 33.06 0.25 37.69 33.5428427125 0.05 37.69
7 33.06 0.25 37.69 33.5428427125 0.05 37.69
7 33.66 0.25 37.69 34.1428427125 0.05 37.69
7 33.66 0.25 37.69 34.1428427125 0.05 37.69
7 34.26 0.25 37.69 34.7428427125 0.05 37.69
7 34.26 0.25 37.69 34.7428427125 0.05 37.69
7 34.86 0.25 37.69 35.3428427125 0.05 37.69
7 34.86 0.25 37.69 35.3428427125 0.05 37.69
7 35.46 0.25 37.69 35.9428427125 0.05 37.69
7 35.46 0.25 37.69 35.9428427125 0.05 37.69
7 36.06 0.25 37.69 36.5428427125 0.05 37.69
7 36.06 0.25 37.69 36.5428427125 0.05 37.69
7 36.66 0.25 37.69 37.1428427125 0.05 37.69
7 36.66 0.25 37.69 37.1428427125 0.05 37.69
7 37.26 0.25 37.69 37.7428427125 0.05 37.69
7 37.26 0.25 37.69 37.7428427125 0.05 37.69
7 37.3983747847 0.25 37.8178960247 37.650659409 0.05 38.2295871144
7 37.3983747847 0.25 37.8178960247 37.650659409 0.05 38.2295871144
7 37.2965348302 0.25 38.1381532511 37.2210015888 0.05 38.6150513685
7 37.2965348302 0.25 38.1381532511 37.2210015888 0.05 38.6150513685
7 37.11 0.25 37.99 36.6271572875 0.05 37.99
7 37.11 0.25 37.99 36.6271572875 0.05 37.99
7 36.51 0.25 37.99 36.0271572875 0.05 37.99
7 36.51 0.25 37.99 36.0271572875 0.05 37.99
7 35.91 0.25 37.99 35.4271572875 0.05 37.99
7 35.91 0.25 37.99 35.4271572875 0.05 37.99
7 35.31 0.25 37.99 34.8271572875 0.05 37.99
7 35.31 0.25 37.99 34.8271572875 0.05 37.99
7 34.71 0.25 37.99 34.2271572875 0.05 37.99
7 34.71 0.25 37.99 34.2271572875 0.05 37.99
7 34.11 0.25 37.99 33.6271572875 0.05 37.99
7 34.11 0.25 37.99 33.6271572875 0.05 37.99
7 33.51 0.25 37.99 33.0271572875 0.05 37.99
7 33.51 0.25 37.99 33.0271572875 0.05 37.99
7 32.91 0.25 37.99 32.4271572875 0.05 37.99
7 32.91 0.25 37.99 32.4271572875 0.05 37.99
7 32.31 0.25 37.99 31.8271572875 0.05 37.99
7 32.31 0.25 37.99 31.8271572875 0.05 37.99
7 31.71 0.25 37.99 31.2271572875 0.05 37.99
7 31.71 0.25 37.99 31.2271572875 0.05 37.99
7 31.11 0.25 37.99 30.6271572875 0.05 37.99
7 31.11 0.25 37.99 30.6271572875 0.05 37.99
7 30.51 0.25 37.99 30.0271572875 0.05 37.99
7 30.51 0.25 37.99 30.0271572875 0.05 37.99
7 30.3716252153 0.25 38.1178960247 30.119340591 0.05 38.5295871144
7 30.3716252153 0.25 38.1178960247 30.119340591 0.05 38.5295871144
7 30.4734651698 0.25 38.4381532511 30.5489984112 0.05 38.9150513685
7 30.4734651698 0.25 38.4381532511 30.5489984112 0.05 38.9150513685
7 30.66 0.25 38.29 31.1428427125 0.05 38.29
7 30.66 0.25 38.29 31.1428427125 0.05 38.29
7 31.26 0.25 38.29 31.7428427125 0.05 38.29
7 31.26 0.25 38.29 31.7428427125 0.05 38.29
7 31.86 0.25 38.29 32.3428427125 0.05 38.29
7 31.86 0.25 38.29 32.3428427125 0.05 38.29
7 32.46 0.25 38.29 32.9428427125 0.05 38.29
7 32.46 0.25 38.29 32.9428427125 0.05 38.29
7 33.06 0.25 38.29 33.5428427125 0.05 38.29
7 33.06 0.25 38.29 33.5428427125 0.05 38.29
7 33.66 0.25 38.29 34.1428427125 0.05 38.29
7 33.66 0.25 38.29 34.1428427125 0.05 38.29
7 34.26 0.25 38.29 34.7428427125 0.05 38.29
7 34.26 0.25 38.29 34.7428427125 0.05 38.29
7 34.86 0.25 38.29 35.3428427125 0.05 38.29
7 34.86 0.25 38.29 35.3428427125 0.05 38.29
7 35.46 0.25 38.29 35.9428427125 0.05 38.29
7 35.46 0.25 38.29 35.9428427125 0.05 38.29
7 36.06 0.25 38.29 36.5428427125 0.05 38.29
7 36.06 0.25 38.29 36.5428427125 0.05 38.29
7 36.66 0.25 38.29 37.1428427125 0.05 38.29
7 36.66 0.25 38.29 37.1428427125 0.05 38.29
7 37.26 0.25 38.29 37.7428427125 0.05 38.29
7 37.26 0.25 38.29 37.7428427125 0.05 38.29
7 37.3983747847 0.25 38.4178960247 37.650659409 0.05 38.8295871144
7 37.3983747847 0.25 38.4178960247 37.650659409 0.05 38.8295871144
7 37.2965348302 0.25 38.7381532511 37.2210015888 0.05 39.2150513685
7 37.2965348302 0.25 38.7381532511 37.2210015888 0.05 39.2150513685
7 37.11 0.25 38.59 36.6271572875 0.05 38.59
7 37.11 0.25 38.59 36.6271572875 0.05 38.59
7 36.51 0.25 38.59 36.0271572875 0.05 38.59
7 36.51 0.25 38.59 36.0271572875 0.05 38.59
7 35.91 0.25 38.59 35.4271572875 0.05 38.59
7 35.91 0.25 38.59 35.4271572875 0.05 38.59
7 35.31 0.25 38.59 34.8271572875 0.05 38.59
7 35.31 0.25 38.59 34.8271572875 0.05 38.59
7 34.71 0.25 38.59 34.2271572875 0.05 38.59
7 34.71 0.25 38.59 34.2271572875 0.05 38.59
7 34.11 0.25 38.59 33.6271572875 0.05 38.59
7 34.11 0.25 38.59 33.6271572875 0.05 38.59
7 33.51 0.25 38.59 33.0271572875 0.05 38.59
7 33.51 0.25 38.59 33.0271572875 0.05 38.59
7 32.91 0.25 38.59 32.4271572875 0.05 38.59
7 32.91 0.25 38.59 32.4271572875 0.05 38.59
7 32.31 0.25 38.59 31.8271572875 0.05 38.59
7 32.31 0.25 38.59 31.8271572875 0.05 38.59
7 31.71 0.25 38.59 31.2271572875 0.05 38.59
7 31.71 0.25 38.59 31.2271572875 0.05 38.59
7 31.11 0.25 38.59 30.6271572875 0.05 38.59
7 31.11 0.25 38.59 30.6271572875 0.05 38.59
7 30.51 0.25 38.59 30.0271572875 0.05 38.59
7 30.51 0.25 38.59 30.0271572875 0.05 38.59
7 30.3716252153 0.25 38.7178960247 30.119340591 0.05 39.1295871144
7 30.3716252153 0.25 38.7178960247 30.119340591 0.05 39.1295871144
7 30.4734651698 0.25 39.0381532511 30.5489984112 0.05 39.5150513685
7 30.4734651698 0.25 39.0381532511 30.5489984112 0.05 39.5150513685
7 30.66 0.25 38.89 31.1428427125 0.05 38.89
7 30.66 0.25 38.89 31.1428427125 0.05 38.89
7 31.26 0.25 38.89 31.7428427125 0.05 38.89
7 31.26 0.25 38.89 31.7428427125 0.05 38.89
7 31.86 0.25 38.89 32.3428427125 0.05 38.89
7 31.86 0.25 38.89 32.3428427125 0.05 38.89
7 32.46 0.25 38.89 32.9428427125 0.05 38.89
7 32.46 0.25 38.89 32.9428427125 0.05 38.89
7 33.06 0.25 38.89 33.5428427125 0.05 38.89
7 33.06 0.25 38.89 33.5428427125 0.05 38.89
7 33.66 0.25 38.89 34.1428427125 0.05 38.89
7 33.66 0.25 38.89 34.1428427125 0.05 38.89
7 34.26 0.25 38.89 34.7428427125 0.05 38.89
7 34.26 0.25 38.89 34.7428427125 0.05 38.89
7 34.86 0.25 38.89 35.3428427125 0.05 38.89
7 34.86 0.25 38.89 35.3428427125 0.05 38.89
7 35.46 0.25 38.89 35.9428427125 0.05 38.89
7 35.46 0.25 38.89 35.9428427125 0.05 38.89
7 36.06 0.25 38.89 36.5428427125 0.05 38.89
7 36.06 0.25 38.89 36.5428427125 0.05 38.89
7 36.66 0.25 38.89 37.1428427125 0.05 38.89
7 36.66 0.25 38.89 37.1428427125 0.05 38.89
7 37.26 0.25 38.89 37.7428427125 0.05 38.89
7 37.26 0.25 38.89 37.7428427125 0.05 38.89
7 37.3983747847 0.25 39.0178960247 37.650659409 0.05 39.4295871144
7 37.3983747847 0.25 39.0178960247 37.650659409 0.05 39.4295871144
7 37.2965348302 0.25 39.3381532511 37.2210015888 0.05 39.8150513685
7 37.2965348302 0.25 39.3381532511 37.2210015888 0.05 39.8150513685
7 37.11 0.25 39.19 36.6271572875 0.05 39.19
7 37.11 0.25 39.19 36.6271572875 0.05 39.19
7 36.51 0.25 39.19 36.0271572875 0.05 39.19
7 36.51 0.25 39.19 36.0271572875 0.05 39.19
7 35.91 0.25 39.19 35.4271572875 0.05 39.19
7 35.91 0.25 39.19 35.4271572875 0.05 39.19
7 35.31 0.25 39.19 34.8271572875 0.05 39.19
7 35.31 0.25 39.19 34.8271572875 0.05 39.19
7 34.71 0.25 39.19 34.2271572875 0.05 39.19
7 34.71 0.25 39.19 34.2271572875 0.05 39.19
7 34.11 0.25 39.19 33.6271572875 0.05 39.19
7 34.11 0.25 39.19 33.6271572875 0.05 39.19
7 33.51 0.25 39.19 33.0271572875 0.05 39.19
7 33.51 0.25 39.19 33.0271572875 0.05 39.19
7 32.91 0.25 39.19 32.4271572875 0.05 39.19
7 32.91 0.25 39.19 32.4271572875 0.05 39.19
7 32.31 0.25 39.19 31.8271572875 0.05 39.19
7 32.31 0.25 39.19 31.8271572875 0.05 39.19
7 31.71 0.25 39.19 31.2271572875 0.05 39.19
7 31.71 0.25 39.19 31.2271572875 0.05 39.19
7 31.11 0.25 39.19 30.6271572875 0.05 39.19
7 31.11 0.25 39.19 30.6271572875 0.05 39.19
7 30.51 0.25 39.19 30.0271572875 0.05 39.19
7 30.51 0.25 39.19 30.0271572875 0.05 39.19
7 30.3716252153 0.25 39.3178960247 30.119340591 0.05 39.7295871144
7 30.3716252153 0.25 39.3178960247 30.119340591 0.05 39.7295871144
7 30.4734651698 0.25 39.6381532511 30.5489984112 0.05 40.1150513685
7 30.4734651698 0.25 39.6381532511 30.5489984112 0.05 40.1150513685
7 30.66 0.25 39.49 31.1428427125 0.05 39.49
7 30.66 0.25 39.49 31.1428427125 0.05 39.49
7 31.26 0.25 39.49 31.7428427125 0.05 39.49
7 31.26 0.25 39.49 31.7428427125 0.05 39.49
7 31.86 0.25 39.49 32.3428427125 0.05 39.49
7 31.86 0.25 39.49 32.3428427125 0.05 39.49
7 32.46 0.25 39.49 32.9428427125 0.05 39.49
7 32.46 0.25 39.49 32.9428427125 0.05 39.49
7 33.06 0.25 39.49 33.5428427125 0.05 39.49
7 33.06 0.25 39.49 33.5428427125 0.05 39.49
7 33.66 0.25 39.49 34.1428427125 0.05 39.49
7 33.66 0.25 39.49 34.1428427125 0.05 39.49
7 34.26 0.25 39.49 34.7428427125 0.05 39.49
7 34.26 0.25 39.49 34.7428427125 0.05 39.49
7 34.86 0.25 39.49 35.3428427125 0.05 39.49
7 34.86 0.25 39.49 35.3428427125 0.05 39.49
7 35.46 0.25 39.49 35.9428427125 0.05 39.49
7 35.46 0.25 39.49 35.9428427125 0.05 39.49
7 36.06 0.25 39.49 36.5428427125 0.05 39.49
7 36.06 0.25 39.49 36.5428427125 0.05 39.49
7 36.66 0.25 39.49 37.1428427125 0.05 39.49
7 36.66 0.25 39.49 37.1428427125 0.05 39.49
7 37.26 0.25 39.49 37.7428427125 0.05 39.49
7 37.26 0.25 39.49 37.7428427125 0.05 39.49
7 37.3983747847 0.25 39.6178960247 37.650659409 0.05 40.0295871144
7 37.3983747847 0.25 39.6178960247 37.650659409 0.05 40.0295871144
7 37.2965348302 0.25 39.9381532511 37.2210015888 0.05 40.4150513685
7 37.2965348302 0.25 39.9381532511 37.2210015888 0.05 40.4150513685
7 37.11 0.25 39.79 36.6271572875 0.05 39.79
7 37.11 0.25 39.79 36.6271572875 0.05 39.79
7 36.51 0.25 39.79 36.0271572875 0.05 39.79
7 36.51 0.25 39.79 36.0271572875 0.05 39.79
7 35.91 0.25 39.79 35.4271572875 0.05 39.79
7 35.91 0.25 39.79 35.4271572875 0.05 39.79
7 35.31 0.25 39.79 34.8271572875 0.05 39.79
7 35.31 0.25 39.79 34.8271572875 0.05 39.79
7 34.71 0.25 39.79 34.2271572875 0.05 39.79
7 34.71 0.25 39.79 34.2271572875 0.05 39.79
7 34.11 0.25 39.79 33.6271572875 0.05 39.79
7 34.11 0.25 39.79 33.6271572875 0.05 39.79
7 33.51 0.25 39.79 33.0271572875 0.05 39.79
7 33.51 0.25 39.79 33.0271572875 0.05 39.79
7 32.91 0.25 39.79 32.4271572875 0.05 39.79
7 32.91 0.25 39.79 32.4271572875 0.05 39.79
7 32.31 0.25 39.79 31.8271572875 0.05 39.79
7 32.31 0.25 39.79 31.8271572875 0.05 39.79
7 31.71 0.25 39.79 31.2271572875 0.05 39.79
7 31.71 0.25 39.79 31.2271572875 0.05 39.79
7 31.11 0.25 39.79 30.6271572875 0.05 39.79
7 31.11 0.25 39.79 30.6271572875 0.05 39.79
7 30.51 0.25 39.79 30.0271572875 0.05 39.79
7 30.51 0.25 39.79 30.0271572875 0.05 39.79
7 30.3716252153 0.25 39.9178960247 30.119340591 0.05 40.3295871144
7 30.3716252153 0.25 39.9178960247 30.119340591 0.05 40.3295871144
7 30.4734651698 0.25 40.2381532511 30.5489984112 0.05 40.7150513685
7 30.4734651698 0.25 40.2381532511 30.5489984112 0.05 40.7150513685
7 30.66 0.25 40.09 31.1428427125 0.05 40.09
7 30.66 0.25 40.09 31.1428427125 0.05 40.09
7 31.26 0.25 40.09 31.7428427125 0.05 40.09
7 31.26 0.25 40.09 31.7428427125 0.05 40.09
7 31.86 0.25 40.09 32.3428427125 0.05 40.09
7 31.86 0.25 40.09 32.3428427125 0.05 40.09
7 32.46 0.25 40.09 32.9428427125 0.05 40.09
7 32.46 0.25 40.09 32.9428427125 0.05 40.09
7 33.06 0.25 40.09 33.5428427125 0.05 40.09
7 33.06 0.25 40.09 33.5428427125 0.05 40.09
7 33.66 0.25 40.09 34.1428427125 0.05 40.09
7 33.66 0.25 40.09 34.1428427125 0.05 40.09
7 34.26 0.25 40.09 34.7428427125 0.05 40.09
7 34.26 0.25 40.09 34.7428427125 0.05 40.09
7 34.86 0.25 40.09 35.3428427125 0.05 40.09
7 34.86 0.25 40.09 35.3428427125 0.05 40.09
7 35.46 0.25 40.09 35.9428427125 0.05 40.09
7 35.46 0.25 40.09 35.9428427125 0.05 40.09
7 36.06 0.25 40.09 36.5428427125 0.05 40.09
7 36.06 0.25 40.09 36.5428427125 0.05 40.09
7 36.66 0.25 40.09 37.1428427125 0.05 40.09
7 36.66 0.25 40.09 37.1428427125 0.05 40.09
7 37.26 0.25 40.09 37.7428427125 0.05 40.09
7 37.26 0.25 40.09 37.7428427125 0.05 40.09
7 37.3983747847 0.25 40.2178960247 37.650659409 0.05 40.6295871144
7 37.3983747847 0.25 40.2178960247 37.650659409 0.05 40.6295871144
7 37.2965348302 0.25 40.5381532511 37.2210015888 0.05 41.0150513685
7 37.2965348302 0.25 40.5381532511 37.2210015888 0.05 41.0150513685
7 37.11 0.25 40.39 36.6271572875 0.05 40.39
7 37.11 0.25 40.39 36.6271572875 0.05 40.39
7 36.51 0.25 40.39 36.0271572875 0.05 40.39
7 36.51 0.25 40.39 36.0271572875 0.05 40.39
7 35.91 0.25 40.39 35.4271572875 0.05 40.39
7 35.91 0.25 40.39 35.4271572875 0.05 40.39
7 35.31 0.25 40.39 34.8271572875 0.05 40.39
7 35.31 0.25 40.39 34.8271572875 0.05 40.39
7 34.71 0.25 40.39 34.2271572875 0.05 40.39
7 34.71 0.25 40.39 34.2271572875 0.05 40.39
7 34.11 0.25 40.39 33.6271572875 0.05 40.39
7 34.11 0.25 40.39 33.6271572875 0.05 40.39
7 33.51 0.25 40.39 33.0271572875 0.05 40.39
7 33.51 0.25 40.39 33.0271572875 0.05 40.39
7 32.91 0.25 40.39 32.4271572875 0.05 40.39
7 32.91 0.25 40.39 32.4271572875 0.05 40.39
7 32.31 0.25 40.39 31.8271572875 0.05 40.39
7 32.31 0.25 40.39 31.8271572875 0.05 40.39
7 31.71 0.25 40.39 31.2271572875 0.05 40.39
7 31.71 0.25 40.39 31.2271572875 0.05 40.39
7 31.11 0.25 40.39 30.6271572875 0.05 40.39
7 31.11 0.25 40.39 30.6271572875 0.05 40.39
7 30.51 0.25 40.39 30.0271572875 0.05 40.39
7 30.51 0.25 40.39 30.0271572875 0.05 40.39
7 30.3716252153 0.25 40.5178960247 30.119340591 0.05 40.9295871144
7 30.3716252153 0.25 40.5178960247 30.119340591 0.05 40.9295871144
7 30.4734651698 0.25 40.8381532511 30.5489984112 0.05 41.3150513685
7 30.4734651698 0.25 40.8381532511 30.5489984112 0.05 41.3150513685
7 30.66 0.25 40.69 31.1428427125 0.05 40.69
7 30.66 0.25 40.69 31.1428427125 0.05 40.69
7 31.26 0.25 40.69 31.7428427125 0.05 40.69
7 31.26 0.25 40.69 31.7428427125 0.05 40.69
7 31.86 0.25 40.69 32.3428427125 0.05 40.69
7 31.86 0.25 40.69 32.3428427125 0.05 40.69
7 32.46 0.25 40.69 32.9428427125 0.05 40.69
7 32.46 0.25 40.69 32.9428427125 0.05 40.69
7 33.06 0.25 40.69 33.5428427125 0.05 40.69
7 33.06 0.25 40.69 33.5428427125 0.05 40.69
7 33.66 0.25 40.69 34.1428427125 0.05 40.69
7 33.66 0.25 40.69 34.1428427125 0.05 40.69
7 34.26 0.25 40.69 34.7428427125 0.05 40.69
7 34.26 0.25 40.69 34.7428427125 0.05 40.69
7 34.86 0.25 40.69 35.3428427125 0.05 40.69
7 34.86 0.25 40.69 35.3428427125 0.05 40.69
7 35.46 0.25 40.69 35.9428427125 0.05 40.69
7 35.46 0.25 40.69 35.9428427125 0.05 40.69
7 36.06 0.25 40.69 36.5428427125 0.05 40.69
7 36.06 0.25 40.69 36.5428427125 0.05 40.69
7 36.66 0.25 40.69 37.1428427125 0.05 40.69
7 36.66 0.25 40.69 37.1428427125 0.05 40.69
7 37.26 0.25 40.69 37.7428427125 0.05 40.69
7 37.26 0.25 40.69 37.7428427125 0.05 40.69
7 37.3983747847 0.25 40.8178960247 37.650659409 0.05 41.2295871144
7 37.3983747847 0.25 40.8178960247 37.650659409 0.05 41.2295871144
7 37.2965348302 0.25 41.1381532511 37.2210015888 0.05 41.6150513685
7 37.2965348302 0.25 41.1381532511 37.2210015888 0.05 41.6150513685
7 37.11 0.25 40.99 36.6271572875 0.05 40.99
7 37.11 0.25 40.99 36.6271572875 0.05 40.99
7 36.51 0.25 40.99 36.0271572875 0.05 40.99
7 36.51 0.25 40.99 36.0271572875 0.05 40.99
7 35.91 0.25 40.99 35.4271572875 0.05 40.99
7 35.91 0.25 40.99 35.4271572875 0.05 40.99
7 35.31 0.25 40.99 34.8271572875 0.05 40.99
7 35.31 0.25 40.99 34.8271572875 0.05 40.99
7 34.71 0.25 40.99 34.2271572875 0.05 40.99
7 34.71 0.25 40.99 34.2271572875 0.05 40.99
7 34.11 0.25 40.99 33.6271572875 0.05 40.99
7 34.11 0.25 40.99 33.6271572875 0.05 40.99
7 33.51 0.25 40.99 33.0271572875 0.05 40.99
7 33.51 0.25 40.99 33.0271572875 0.05 40.99
7 32.91 0.25 40.99 32.4271572875 0.05 40.99
7 32.91 0.25 40.99 32.4271572875 0.05 40.99
7 32.31 0.25 40.99 31.8271572875 0.05 40.99
7 32.31 0.25 40.99 31.8271572875 0.05 40.99
7 31.71 0.25 40.99 31.2271572875 0.05 40.99
7 31.71 0.25 40.99 31.2271572875 0.05 40.99
7 31.11 0.25 40.99 30.6271572875 0.05 40.99
7 31.11 0.25 40.99 30.6271572875 0.05 40.99
7 30.51 0.25 40.99 30.0271572875 0.05 40.99
7 30.51 0.25 40.99 30.0271572875 0.05 40.99
7 30.3716252153 0.25 41.1178960247 30.119340591 0.05 41.5295871144
7 30.3716252153 0.25 41.1178960247 30.119340591 0.05 41.5295871144
7 30.4734651698 0.25 41.4381532511 30.5489984112 0.05 41.9150513685
7 30.4734651698 0.25 41.4381532511 30.5489984112 0.05 41.9150513685
7 30.66 0.25 41.29 31.1428427125 0.05 41.29
7 30.66 0.25 41.29 31.1428427125 0.05 41.29
7 31.26 0.25 41.29 31.7428427125 0.05 41.29
7 31.26 0.25 41.29 31.7428427125 0.05 41.29
7 31.86 0.25 41.29 32.3428427125 0.05 41.29
7 31.86 0.25 41.29 32.3428427125 0.05 41.29
7 32.46 0.25 41.29 32.9428427125 0.05 41.29
7 32.46 0.25 41.29 32.9428427125 0.05 41.29
7 33.06 0.25 41.29 33.5428427125 0.05 41.29
7 33.06 0.25 41.29 33.5428427125 0.05 41.29
7 33.66 0.25 41.29 34.1428427125 0.05 41.29
7 33.66 0.25 41.29 34.1428427125 0.05 41.29
7 34.26 0.25 41.29 34.7428427125 0.05 41.29
7 34.26 0.25 41.29 34.7428427125 0.05 41.29
7 34.86 0.25 41.29 35.3428427125 0.05 41.29
7 34.86 0.25 41.29 35.3428427125 0.05 41.29
7 35.46 0.25 41.29 35.9428427125 0.05 41.29
7 35.46 0.25 41.29 35.9428427125 0.05 41.29
7 36.06 0.25 41.29 36.5428427125 0.05 41.29
7 36.06 0.25 41.29 36.5428427125 0.05 41.29
7 36.66 0.25 41.29 37.1428427125 0.05 41.29
7 36.66 0.25 41.29 37.1428427125 0.05 41.29
7 37.26 0.25 41.29 37.7428427125 0.05 41.29
7 37.26 0.25 41.29 37.7428427125 0.05 41.29
7 37.3983747847 0.25 41.4178960247 37.650659409 0.05 41.8295871144
7 37.3983747847 0.25 41.4178960247 37.650659409 0.05 41.8295871144
7 37.2965348302 0.25 41.7381532511 37.2210015888 0.05 42.2150513685
7 37.2965348302 0.25 41.7381532511 37.2210015888 0.05 42.2150513685
7 37.11 0.25 41.59 36.6271572875 0.05 41.59
7 37.11 0.25 41.59 36.6271572875 0.05 41.59
7 36.51 0.25 41.59 36.0271572875 0.05 41.59
7 36.51 0.25 41.59 36.0271572875 0.05 41.59
7 35.91 0.25 41.59 35.4271572875 0.05 41.59
7 35.91 0.25 41.59 35.4271572875 0.05 41.59
7 35.31 0.25 41.59 34.8271572875 0.05 41.59
7 35.31 0.25 41.59 34.8271572875 0.05 41.59
7 34.71 0.25 41.59 34.2271572875 0.05 41.59
7 34.71 0.25 41.59 34.2271572875 0.05 41.59
7 34.11 0.25 41.59 33.6271572875 0.05 41.59
7 34.11 0.25 41.59 33.6271572875 0.05 41.59
7 33.51 0.25 41.59 33.0271572875 0.05 41.59
7 33.51 0.25 41.59 33.0271572875 0.05 41.59
7 32.91 0.25 41.59 32.4271572875 0.05 41.59
7 32.91 0.25 41.59 32.4271572875 0.05 41.59
7 32.31 0.25 41.59 31.8271572875 0.05 41.59
7 32.31 0.25 41.59 31.8271572875 0.05 41.59
7 31.71 0.25 41.59 31.2271572875 0.05 41.59
7 31.71 0.25 41.59 31.2271572875 0.05 41.59
7 31.11 0.25 41.59 30.6271572875 0.05 41.59
7 31.11 0.25 41.59 30.6271572875 0.05 41.59
7 30.51 0.25 41.59 30.0271572875 0.05 41.59
7 30.51 0.25 41.59 30.0271572875 0.05 41.59
7 30.3716252153 0.25 41.7178960247 30.119340591 0.05 42.1295871144
7 30.3716252153 0.25 41.7178960247 30.119340591 0.05 42.1295871144
7 30.4734651698 0.25 42.0381532511 30.5489984112 0.05 42.5150513685
7 30.4734651698 0.25 42.0381532511 30.5489984112 0.05 42.5150513685
7 30.66 0.25 41.89 31.1428427125 0.05 41.89
7 30.66 0.25 41.89 31.1428427125 0.05 41.89
7 31.26 0.25 41.89 31.7428427125 0.05 41.89
7 31.26 0.25 41.89 31.7428427125 0.05 41.89
7 31.86 0.25 41.89 32.3428427125 0.05 41.89
7 31.86 0.25 41.89 32.3428427125 0.05 41.89
7 32.46 0.25 41.89 32.9428427125 0.05 41.89
7 32.46 0.25 41.89 32.9428427125 0.05 41.89
7 33.06 0.25 41.89 33.5428427125 0.05 41.89
7 33.06 0.25 41.89 33.5428427125 0.05 41.89
7 33.66 0.25 41.89 34.1428427125 0.05 41.89
7 33.66 0.25 41.89 34.1428427125 0.05 41.89
7 34.26 0.25 41.89 34.7428427125 0.05 41.89
7 34.26 0.25 41.89 34.7428427125 0.05 41.89
7 34.86 0.25 41.89 35.3428427125 0.05 41.89
7 34.86 0.25 41.89 35.3428427125 0.05 41.89
7 35.46 0.25 41.89 35.9428427125 0.05 41.89
7 35.46 0.25 41.89 35.9428427125 0.05 41.89
7 36.06 0.25 41.89 36.5428427125 0.05 41.89
7 36.06 0.25 41.89 36.5428427125 0.05 41.89
7 36.66 0.25 41.89 37.1428427125 0.05 41.89
7 36.66 0.25 41.89 37.1428427125 0.05 41.89
7 37.26 0.25 41.89 37.7428427125 0.05 41.89
7 37.26 0.25 41.89 37.7428427125 0.05 41.89
7 37.3983747847 0.25 42.0178960247 37.650659409 0.05 42.4295871144
7 37.3983747847 0.25 42.0178960247 37.650659409 0.05 42.4295871144
7 37.2965348302 0.25 42.3381532511 37.2210015888 0.05 42.8150513685
7 37.2965348302 0.25 42.3381532511 37.2210015888 0.05 42.8150513685
7 37.11 0.25 42.19 36.6271572875 0.05 42.19
7 37.11 0.25 42.19 36.6271572875 0.05 42.19
7 36.51 0.25 42.19 36.0271572875 0.05 42.19
7 36.51 0.25 42.19 36.0271572875 0.05 42.19
7 35.91 0.25 42.19 35.4271572875 0.05 42.19
7 35.91 0.25 42.19 35.4271572875 0.05 42.19
7 35.31 0.25 42.19 34.8271572875 0.05 42.19
7 35.31 0.25 42.19 34.8271572875 0.05 42.19
7 34.71 0.25 42.19 34.2271572875 0.05 42.19
7 34.71 0.25 42.19 34.2271572875 0.05 42.19
7 34.11 0.25 42.19 33.6271572875 0.05 42.19
7 34.11 0.25 42.19 33.6271572875 0.05 42.19
7 33.51 0.25 42.19 33.0271572875 0.05 42.19
7 33.51 0.25 42.19 33.0271572875 0.05 42.19
7 32.91 0.25 42.19 32.4271572875 0.05 42.19
7 32.91 0.25 42.19 32.4271572875 0.05 42.19
7 32.31 0.25 42.19 31.8271572875 0.05 42.19
7 32.31 0.25 42.19 31.8271572875 0.05 42.19
7 31.71 0.25 42.19 31.2271572875 0.05 42.19
7 31.71 0.25 42.19 31.2271572875 0.05 42.19
7 31.11 0.25 42.19 30.6271572875 0.05 42.19
7 31.11 0.25 42.19 30.6271572875 0.05 42.19
7 30.51 0.25 42.19 30.0271572875 0.05 42.19
7 30.51 0.25 42.19 30.0271572875 0.05 42.19
7 30.3716252153 0.25 42.3178960247 30.119340591 0.05 42.7295871144
7 30.3716252153 0.25 42.3178960247 30.119340591 0.05 42.7295871144
7 30.4734651698 0.25 42.6381532511 30.5489984112 0.05 43.1150513685
7 30.4734651698 0.25 42.6381532511 30.5489984112 0.05 43.1150513685
7 30.66 0.25 42.49 31.1428427125 0.05 42.49
7 30.66 0.25 42.49 31.1428427125 0.05 42.49
7 31.26 0.25 42.49 31.7428427125 0.05 42.49
7 31.26 0.25 42.49 31.7428427125 0.05 42.49
7 31.86 0.25 42.49 32.3428427125 0.05 42.49
7 31.86 0.25 42.49 32.3428427125 0.05 42.49
7 32.46 0.25 42.49 32.9428427125 0.05 42.49
7 32.46 0.25 42.49 32.9428427125 0.05 42.49
7 33.06 0.25 42.49 33.5428427125 0.05 42.49
7 33.06 0.25 42.49 33.5428427125 0.05 42.49
7 33.66 0.25 42.49 34.1428427125 0.05 42.49
7 33.66 0.25 42.49 34.1428427125 0.05 42.49
7 34.26 0.25 42.49 34.7428427125 0.05 42.49
7 34.26 0.25 42.49 34.7428427125 0.05 42.49
7 34.86 0.25 42.49 35.3428427125 0.05 42.49
7 34.86 0.25 42.49 35.3428427125 0.05 42.49
7 35.46 0.25 42.49 35.9428427125 0.05 42.49
7 35.46 0.25 42.49 35.9428427125 0.05 42.49
7 36.06 0.25 42.49 36.5428427125 0.05 42.49
7 36.06 0.25 42.49 36.5428427125 0.05 42.49
7 36.66 0.25 42.49 37.1428427125 0.05 42.49
7 36.66 0.25 42.49 37.1428427125 0.05 42.49
7 37.26 0.25 42.49 37.7428427125 0.05 42.49
7 37.26 0.25 42.49 37.7428427125 0.05 42.49
7 37.3983747847 0.25 42.6178960247 37.650659409 0.05 43.0295871144
7 37.3983747847 0.25 42.6178960247 37.650659409 0.05 43.0295871144
7 37.2965348302 0.25 42.9381532511 37.2210015888 0.05 43.4150513685
7 37.2965348302 0.25 42.9381532511 37.2210015888 0.05 43.4150513685
7 37.11 0.25 42.79 36.6271572875 0.05 42.79
7 37.11 0.25 42.79 36.6271572875 0.05 42.79
7 36.51 0.25 42.79 36.0271572875 0.05 42.79
7 36.51 0.25 42.79 36.0271572875 0.05 42.79
7 35.91 0.25 42.79 35.4271572875 0.05 42.79
7 35.91 0.25 42.79 35.4271572875 0.05 42.79
7 35.31 0.25 42.79 34.8271572875 0.05 42.79
7 35.31 0.25 42.79 34.8271572875 0.05 42.79
7 34.71 0.25 42.79 34.2271572875 0.05 42.79
7 34.71 0.25 42.79 34.2271572875 0.05 42.79
7 34.11 0.25 42.79 33.6271572875 0.05 42.79
7 34.11 0.25 42.79 33.6271572875 0.05 42.79
7 33.51 0.25 42.79 33.0271572875 0.05 42.79
7 33.51 0.25 42.79 33.0271572875 0.05 42.79
7 32.91 0.25 42.79 32.4271572875 0.05 42.79
7 32.91 0.25 42.79 32.4271572875 0.05 42.79
7 32.31 0.25 42.79 31.8271572875 0.05 42.79
7 32.31 0.25 42.79 31.8271572875 0.05 42.79
7 31.71 0.25 42.79 31.2271572875 0.05 42.79
7 31.71 0.25 42.79 31.2271572875 0.05 42.79
7 31.11 0.25 42.79 30.6271572875 0.05 42.79
7 31.11 0.25 42.79 30.6271572875 0.05 42.79
7 30.51 0.25 42.79 30.0271572875 0.05 42.79
7 30.51 0.25 42.79 30.0271572875 0.05 42.79
7 30.3716252153 0.25 42.9178960247 30.119340591 0.05 43.3295871144
7 30.3716252153 0.25 42.9178960247 30.119340591 0.05 43.3295871144
7 30.4734651698 0.25 43.2381532511 30.5489984112 0.05 43.7150513685
7 30.4734651698 0.25 43.2381532511 30.5489984112 0.05 43.7150513685
7 30.66 0.25 43.09 31.1428427125 0.05 43.09
7 30.66 0.25 43.09 31.1428427125 0.05 43.09
7 31.26 0.25 43.09 31.7428427125 0.05 43.09
7 31.26 0.25 43.09 31.7428427125 0.05 43.09
7 31.86 0.25 43.09 32.3428427125 0.05 43.09
7 31.86 0.25 43.09 32.3428427125 0.05 43.09
7 32.46 0.25 43.09 32.9428427125 0.05 43.09
7 32.46 0.25 43.09 32.9428427125 0.05 43.09
7 33.06 0.25 43.09 33.5428427125 0.05 43.09
7 33.06 0.25 43.09 33.5428427125 0.05 43.09
7 33.66 0.25 43.09 34.1428427125 0.05 43.09
7 33.66 0.25 43.09 34.1428427125 0.05 43.09
7 34.26 0.25 43.09 34.7428427125 0.05 43.09
7 34.26 0.25 43.09 34.7428427125 0.05 43.09
7 34.86 0.25 43.09 35.3428427125 0.05 43.09
7 34.86 0.25 43.09 35.3428427125 0.05 43.09
7 35.46 0.25 43.09 35.9428427125 0.05 43.09
7 35.46 0.25 43.09 35.9428427125 0.05 43.09
7 36.06 0.25 43.09 36.5428427125 0.05 43.09
7 36.06 0.25 43.09 36.5428427125 0.05 43.09
7 36.66 0.25 43.09 37.1428427125 0.05 43.09
7 36.66 0.25 43.09 37.1428427125 0.05 43.09
7 37.26 0.25 43.09 37.7428427125 0.05 43.09
7 37.26 0.25 43.09 37.7428427125 0.05 43.09
7 37.3983747847 0.25 43.2178960247 37.650659409 0.05 43.6295871144
7 37.3983747847 0.25 43.2178960247 37.650659409 0.05 43.6295871144
7 37.2965348302 0.25 43.5381532511 37.2210015888 0.05 44.0150513685
7 37.2965348302 0.25 43.5381532511 37.2210015888 0.05 44.0150513685
7 37.11 0.25 43.39 36.6271572875 0.05 43.39
7 37.11 0.25 43.39 36.6271572875 0.05 43.39
7 36.51 0.25 43.39 36.0271572875 0.05 43.39
7 36.51 0.25 43.39 36.0271572875 0.05 43.39
7 35.91 0.25 43.39 35.4271572875 0.05 43.39
7 35.91 0.25 43.39 35.4271572875 0.05 43.39
7 35.31 0.25 43.39 34.8271572875 0.05 43.39
7 35.31 0.25 43.39 34.8271572875 0.05 43.39
7 34.71 0.25 43.39 34.2271572875 0.05 43.39
7 34.71 0.25 43.39 34.2271572875 0.05 43.39
7 34.11 0.25 43.39 33.6271572875 0.05 43.39
7 34.11 0.25 43.39 33.6271572875 0.05 43.39
7 33.51 0.25 43.39 33.0271572875 0.05 43.39
7 33.51 0.25 43.39 33.0271572875 0.05 43.39
7 32.91 0.25 43.39 32.4271572875 0.05 43.39
7 32.91 0.25 43.39 32.4271572875 0.05 43.39
7 32.31 0.25 43.39 31.8271572875 0.05 43.39
7 32.31 0.25 43.39 31.8271572875 0.05 43.39
7 31.71 0.25 43.39 31.2271572875 0.05 43.39
7 31.71 0.25 43.39 31.2271572875 0.05 43.39
7 31.11 0.25 43.39 30.6271572875 0.05 43.39
7 31.11 0.25 43.39 30.6271572875 0.05 43.39
7 30.51 0.25 43.39 30.0271572875 0.05 43.39
7 30.51 0.25 43.39 30.0271572875 0.05 43.39
7 30.3716252153 0.25 43.5178960247 30.119340591 0.05 43.9295871144
7 30.3716252153 0.25 43.5178960247 30.119340591 0.05 43.9295871144
7 30.4963525492 0.25 43.7726584774 30.6455591529 0.05 44.2318691855
7 30.4963525492 0.25 43.7726584774 30.6455591529 0.05 44.2318691855
7 30.72 0.25 43.63 31.2028427125 0.05 43.63
7 30.72 0.25 43.63 31.2028427125 0.05 43.63
7 31.32 0.25 43.63 31.8028427125 0.05 43.63
7 31.32 0.25 43.63 31.8028427125 0.05 43.63
7 31.92 0.25 43.63 32.4028427125 0.05 43.63
7 31.92 0.25 43.63 32.4028427125 0.05 43.63
7 32.52 0.25 43.63 33.0028427125 0.05 43.63
7 32.52 0.25 43.63 33.0028427125 0.05 43.63
7 33.12 0.25 43.63 33.6028427125 0.05 43.63
7 33.12 0.25 43.63 33.6028427125 0.05 43.63
7 33.72 0.25 43.63 34.2028427125 0.05 43.63
7 33.72 0.25 43.63 34.2028427125 0.05 43.63
7 34.32 0.25 43.63 34.8028427125 0.05 43.63
7 34.32 0.25 43.63 34.8028427125 0.05 43.63
7 34.92 0.25 43.63 35.4028427125 0.05 43.63
7 34.92 0.25 43.63 35.4028427125 0.05 43.63
7 35.52 0.25 43.63 36.0028427125 0.05 43.63
7 35.52 0.25 43.63 36.0028427125 0.05 43.63
7 36.12 0.25 43.63 36.6028427125 0.05 43.63
7 36.12 0.25 43.63 36.6028427125 0.05 43.63
7 36.72 0.25 43.63 37.2028427125 0.05 43.63
7 36.72 0.25 43.63 37.2028427125 0.05 43.63
7 37.32 0.25 43.63 37.8028427125 0.05 43.63
7 37.32 0.25 43.63 37.8028427125 0.05 43.63
7 37.3774025149 0.25 43.7685819299 37.5621784214 0.05 44.2146704294
7 37.3774025149 0.25 43.7685819299 37.5621784214 0.05 44.2146704294
