#first three elements, eye and last three, lookAt
#frame rate
#shutter_speed
3 46.36 0.25 33.29 46.8428427125 0.05 33.29
3 46.36 0.25 33.29 46.8428427125 0.05 33.29
3 46.96 0.25 33.29 47.4428427125 0.05 33.29
3 46.96 0.25 33.29 47.4428427125 0.05 33.29
3 47.56 0.25 33.29 48.0428427125 0.05 33.29
3 47.56 0.25 33.29 48.0428427125 0.05 33.29
3 48.16 0.25 33.29 48.6428427125 0.05 33.29
3 48.16 0.25 33.29 48.6428427125 0.05 33.29
3 48.76 0.25 33.29 49.2428427125 0.05 33.29
3 48.76 0.25 33.29 49.2428427125 0.05 33.29
3 49.36 0.25 33.29 49.8428427125 0.05 33.29
3 49.36 0.25 33.29 49.8428427125 0.05 33.29
3 49.96 0.25 33.29 50.4428427125 0.05 33.29
3 49.96 0.25 33.29 50.4428427125 0.05 33.29
3 50.56 0.25 33.29 51.0428427125 0.05 33.29
3 50.56 0.25 33.29 51.0428427125 0.05 33.29
3 51.0658554881 0.25 33.3250168046 51.535357218 0.05 33.4377341973
3 51.0658554881 0.25 33.3250168046 51.535357218 0.05 33.4377341973
3 50.92 0.25 33.53 50.92 0.05 34.0128427125
3 50.92 0.25 33.53 50.92 0.05 34.0128427125
3 50.7986474508 0.25 33.6781677878 50.4080194908 0.05 33.9619756134
3 50.7986474508 0.25 33.6781677878 50.4080194908 0.05 33.9619756134
3 50.41 0.25 33.59 49.9271572875 0.05 33.59
3 50.41 0.25 33.59 49.9271572875 0.05 33.59
3 49.81 0.25 33.59 49.3271572875 0.05 33.59
3 49.81 0.25 33.59 49.3271572875 0.05 33.59
3 49.21 0.25 33.59 48.7271572875 0.05 33.59
3 49.21 0.25 33.59 48.7271572875 0.05 33.59
3 48.61 0.25 33.59 48.1271572875 0.05 33.59
3 48.61 0.25 33.59 48.1271572875 0.05 33.59
3 48.01 0.25 33.59 47.5271572875 0.05 33.59
3 48.01 0.25 33.59 47.5271572875 0.05 33.59
3 47.41 0.25 33.59 46.9271572875 0.05 33.59
3 47.41 0.25 33.59 46.9271572875 0.05 33.59
3 46.81 0.25 33.59 46.3271572875 0.05 33.59
3 46.81 0.25 33.59 46.3271572875 0.05 33.59
3 46.21 0.25 33.59 45.7271572875 0.05 33.59
3 46.21 0.25 33.59 45.7271572875 0.05 33.59
3 46.0716252153 0.25 33.7178960247 45.819340591 0.05 34.1295871144
3 46.0716252153 0.25 33.7178960247 45.819340591 0.05 34.1295871144
3 46.1734651698 0.25 34.0381532511 46.2489984112 0.05 34.5150513685
3 46.1734651698 0.25 34.0381532511 46.2489984112 0.05 34.5150513685
3 46.36 0.25 33.89 46.8428427125 0.05 33.89
3 46.36 0.25 33.89 46.8428427125 0.05 33.89
3 46.96 0.25 33.89 47.4428427125 0.05 33.89
3 46.96 0.25 33.89 47.4428427125 0.05 33.89
3 47.56 0.25 33.89 48.0428427125 0.05 33.89
3 47.56 0.25 33.89 48.0428427125 0.05 33.89
3 48.16 0.25 33.89 48.6428427125 0.05 33.89
3 48.16 0.25 33.89 48.6428427125 0.05 33.89
3 48.76 0.25 33.89 49.2428427125 0.05 33.89
3 48.76 0.25 33.89 49.2428427125 0.05 33.89
3 49.36 0.25 33.89 49.8428427125 0.05 33.89
3 49.36 0.25 33.89 49.8428427125 0.05 33.89
3 49.96 0.25 33.89 50.4428427125 0.05 33.89
3 49.96 0.25 33.89 50.4428427125 0.05 33.89
3 50.56 0.25 33.89 51.0428427125 0.05 33.89
3 50.56 0.25 33.89 51.0428427125 0.05 33.89
3 51.0658554881 0.25 33.9250168046 51.535357218 0.05 34.0377341973
3 51.0658554881 0.25 33.9250168046 51.535357218 0.05 34.0377341973
3 50.92 0.25 34.13 50.92 0.05 34.6128427125
3 50.92 0.25 34.13 50.92 0.05 34.6128427125
3 50.7986474508 0.25 34.2781677878 50.4080194908 0.05 34.5619756134
3 50.7986474508 0.25 34.2781677878 50.4080194908 0.05 34.5619756134
3 50.41 0.25 34.19 49.9271572875 0.05 34.19
3 50.41 0.25 34.19 49.9271572875 0.05 34.19
3 49.81 0.25 34.19 49.3271572875 0.05 34.19
3 49.81 0.25 34.19 49.3271572875 0.05 34.19
3 49.21 0.25 34.19 48.7271572875 0.05 34.19
3 49.21 0.25 34.19 48.7271572875 0.05 34.19
3 48.61 0.25 34.19 48.1271572875 0.05 34.19
3 48.61 0.25 34.19 48.1271572875 0.05 34.19
3 48.01 0.25 34.19 47.5271572875 0.05 34.19
3 48.01 0.25 34.19 47.5271572875 0.05 34.19
3 47.41 0.25 34.19 46.9271572875 0.05 34.19
3 47.41 0.25 34.19 46.9271572875 0.05 34.19
3 46.81 0.25 34.19 46.3271572875 0.05 34.19
3 46.81 0.25 34.19 46.3271572875 0.05 34.19
3 46.21 0.25 34.19 45.7271572875 0.05 34.19
3 46.21 0.25 34.19 45.7271572875 0.05 34.19
3 46.0716252153 0.25 34.3178960247 45.819340591 0.05 34.7295871144
3 46.0716252153 0.25 34.3178960247 45.819340591 0.05 34.7295871144
3 46.1734651698 0.25 34.6381532511 46.2489984112 0.05 35.1150513685
3 46.1734651698 0.25 34.6381532511 46.2489984112 0.05 35.1150513685
3 46.36 0.25 34.49 46.8428427125 0.05 34.49
3 46.36 0.25 34.49 46.8428427125 0.05 34.49
3 46.96 0.25 34.49 47.4428427125 0.05 34.49
3 46.96 0.25 34.49 47.4428427125 0.05 34.49
3 47.56 0.25 34.49 48.0428427125 0.05 34.49
3 47.56 0.25 34.49 48.0428427125 0.05 34.49
3 48.16 0.25 34.49 48.6428427125 0.05 34.49
3 48.16 0.25 34.49 48.6428427125 0.05 34.49
3 48.76 0.25 34.49 49.2428427125 0.05 34.49
3 48.76 0.25 34.49 49.2428427125 0.05 34.49
3 49.36 0.25 34.49 49.8428427125 0.05 34.49
3 49.36 0.25 34.49 49.8428427125 0.05 34.49
3 49.96 0.25 34.49 50.4428427125 0.05 34.49
3 49.96 0.25 34.49 50.4428427125 0.05 34.49
3 50.56 0.25 34.49 51.0428427125 0.05 34.49
3 50.56 0.25 34.49 51.0428427125 0.05 34.49
3 51.0658554881 0.25 34.5250168046 51.535357218 0.05 34.6377341973
3 51.0658554881 0.25 34.5250168046 51.535357218 0.05 34.6377341973
3 50.92 0.25 34.73 50.92 0.05 35.2128427125
3 50.92 0.25 34.73 50.92 0.05 35.2128427125
3 50.7986474508 0.25 34.8781677878 50.4080194908 0.05 35.1619756134
3 50.7986474508 0.25 34.8781677878 50.4080194908 0.05 35.1619756134
3 50.41 0.25 34.79 49.9271572875 0.05 34.79
3 50.41 0.25 34.79 49.9271572875 0.05 34.79
3 49.81 0.25 34.79 49.3271572875 0.05 34.79
3 49.81 0.25 34.79 49.3271572875 0.05 34.79
3 49.21 0.25 34.79 48.7271572875 0.05 34.79
3 49.21 0.25 34.79 48.7271572875 0.05 34.79
3 48.61 0.25 34.79 48.1271572875 0.05 34.79
3 48.61 0.25 34.79 48.1271572875 0.05 34.79
3 48.01 0.25 34.79 47.5271572875 0.05 34.79
3 48.01 0.25 34.79 47.5271572875 0.05 34.79
3 47.41 0.25 34.79 46.9271572875 0.05 34.79
3 47.41 0.25 34.79 46.9271572875 0.05 34.79
3 46.81 0.25 34.79 46.3271572875 0.05 34.79
3 46.81 0.25 34.79 46.3271572875 0.05 34.79
3 46.21 0.25 34.79 45.7271572875 0.05 34.79
3 46.21 0.25 34.79 45.7271572875 0.05 34.79
3 46.0716252153 0.25 34.9178960247 45.819340591 0.05 35.3295871144
3 46.0716252153 0.25 34.9178960247 45.819340591 0.05 35.3295871144
3 46.1734651698 0.25 35.2381532511 46.2489984112 0.05 35.7150513685
3 46.1734651698 0.25 35.2381532511 46.2489984112 0.05 35.7150513685
3 46.36 0.25 35.09 46.8428427125 0.05 35.09
3 46.36 0.25 35.09 46.8428427125 0.05 35.09
3 46.96 0.25 35.09 47.4428427125 0.05 35.09
3 46.96 0.25 35.09 47.4428427125 0.05 35.09
3 47.56 0.25 35.09 48.0428427125 0.05 35.09
3 47.56 0.25 35.09 48.0428427125 0.05 35.09
3 48.16 0.25 35.09 48.6428427125 0.05 35.09
3 48.16 0.25 35.09 48.6428427125 0.05 35.09
3 48.76 0.25 35.09 49.2428427125 0.05 35.09
3 48.76 0.25 35.09 49.2428427125 0.05 35.09
3 49.36 0.25 35.09 49.8428427125 0.05 35.09
3 49.36 0.25 35.09 49.8428427125 0.05 35.09
3 49.96 0.25 35.09 50.4428427125 0.05 35.09
3 49.96 0.25 35.09 50.4428427125 0.05 35.09
3 50.56 0.25 35.09 51.0428427125 0.05 35.09
3 50.56 0.25 35.09 51.0428427125 0.05 35.09
3 51.0658554881 0.25 35.1250168046 51.535357218 0.05 35.2377341973
3 51.0658554881 0.25 35.1250168046 51.535357218 0.05 35.2377341973
3 50.92 0.25 35.33 50.92 0.05 35.8128427125
3 50.92 0.25 35.33 50.92 0.05 35.8128427125
3 50.7986474508 0.25 35.4781677878 50.4080194908 0.05 35.7619756134
3 50.7986474508 0.25 35.4781677878 50.4080194908 0.05 35.7619756134
3 50.41 0.25 35.39 49.9271572875 0.05 35.39
3 50.41 0.25 35.39 49.9271572875 0.05 35.39
3 49.81 0.25 35.39 49.3271572875 0.05 35.39
3 49.81 0.25 35.39 49.3271572875 0.05 35.39
3 49.21 0.25 35.39 48.7271572875 0.05 35.39
3 49.21 0.25 35.39 48.7271572875 0.05 35.39
3 48.61 0.25 35.39 48.1271572875 0.05 35.39
3 48.61 0.25 35.39 48.1271572875 0.05 35.39
3 48.01 0.25 35.39 47.5271572875 0.05 35.39
3 48.01 0.25 35.39 47.5271572875 0.05 35.39
3 47.41 0.25 35.39 46.9271572875 0.05 35.39
3 47.41 0.25 35.39 46.9271572875 0.05 35.39
3 46.81 0.25 35.39 46.3271572875 0.05 35.39
3 46.81 0.25 35.39 46.3271572875 0.05 35.39
3 46.21 0.25 35.39 45.7271572875 0.05 35.39
3 46.21 0.25 35.39 45.7271572875 0.05 35.39
3 46.0716252153 0.25 35.5178960247 45.819340591 0.05 35.9295871144
3 46.0716252153 0.25 35.5178960247 45.819340591 0.05 35.9295871144
3 46.1734651698 0.25 35.8381532511 46.2489984112 0.05 36.3150513685
3 46.1734651698 0.25 35.8381532511 46.2489984112 0.05 36.3150513685
3 46.36 0.25 35.69 46.8428427125 0.05 35.69
3 46.36 0.25 35.69 46.8428427125 0.05 35.69
3 46.96 0.25 35.69 47.4428427125 0.05 35.69
3 46.96 0.25 35.69 47.4428427125 0.05 35.69
3 47.56 0.25 35.69 48.0428427125 0.05 35.69
3 47.56 0.25 35.69 48.0428427125 0.05 35.69
3 48.16 0.25 35.69 48.6428427125 0.05 35.69
3 48.16 0.25 35.69 48.6428427125 0.05 35.69
3 48.76 0.25 35.69 49.2428427125 0.05 35.69
3 48.76 0.25 35.69 49.2428427125 0.05 35.69
3 49.36 0.25 35.69 49.8428427125 0.05 35.69
3 49.36 0.25 35.69 49.8428427125 0.05 35.69
3 49.96 0.25 35.69 50.4428427125 0.05 35.69
3 49.96 0.25 35.69 50.4428427125 0.05 35.69
3 50.56 0.25 35.69 51.0428427125 0.05 35.69
3 50.56 0.25 35.69 51.0428427125 0.05 35.69
3 51.0658554881 0.25 35.7250168046 51.535357218 0.05 35.8377341973
3 51.0658554881 0.25 35.7250168046 51.535357218 0.05 35.8377341973
3 50.92 0.25 35.93 50.92 0.05 36.4128427125
3 50.92 0.25 35.93 50.92 0.05 36.4128427125
3 50.7986474508 0.25 36.0781677878 50.4080194908 0.05 36.3619756134
3 50.7986474508 0.25 36.0781677878 50.4080194908 0.05 36.3619756134
3 50.41 0.25 35.99 49.9271572875 0.05 35.99
3 50.41 0.25 35.99 49.9271572875 0.05 35.99
3 49.81 0.25 35.99 49.3271572875 0.05 35.99
3 49.81 0.25 35.99 49.3271572875 0.05 35.99
3 49.21 0.25 35.99 48.7271572875 0.05 35.99
3 49.21 0.25 35.99 48.7271572875 0.05 35.99
3 48.61 0.25 35.99 48.1271572875 0.05 35.99
3 48.61 0.25 35.99 48.1271572875 0.05 35.99
3 48.01 0.25 35.99 47.5271572875 0.05 35.99
3 48.01 0.25 35.99 47.5271572875 0.05 35.99
3 47.41 0.25 35.99 46.9271572875 0.05 35.99
3 47.41 0.25 35.99 46.9271572875 0.05 35.99
3 46.81 0.25 35.99 46.3271572875 0.05 35.99
3 46.81 0.25 35.99 46.3271572875 0.05 35.99
3 46.21 0.25 35.99 45.7271572875 0.05 35.99
3 46.21 0.25 35.99 45.7271572875 0.05 35.99
3 46.0716252153 0.25 36.1178960247 45.819340591 0.05 36.5295871144
3 46.0716252153 0.25 36.1178960247 45.819340591 0.05 36.5295871144
3 46.1734651698 0.25 36.4381532511 46.2489984112 0.05 36.9150513685
3 46.1734651698 0.25 36.4381532511 46.2489984112 0.05 36.9150513685
3 46.36 0.25 36.29 46.8428427125 0.05 36.29
3 46.36 0.25 36.29 46.8428427125 0.05 36.29
3 46.96 0.25 36.29 47.4428427125 0.05 36.29
3 46.96 0.25 36.29 47.4428427125 0.05 36.29
3 47.56 0.25 36.29 48.0428427125 0.05 36.29
3 47.56 0.25 36.29 48.0428427125 0.05 36.29
3 48.16 0.25 36.29 48.6428427125 0.05 36.29
3 48.16 0.25 36.29 48.6428427125 0.05 36.29
3 48.76 0.25 36.29 49.2428427125 0.05 36.29
3 48.76 0.25 36.29 49.2428427125 0.05 36.29
3 49.36 0.25 36.29 49.8428427125 0.05 36.29
3 49.36 0.25 36.29 49.8428427125 0.05 36.29
3 49.96 0.25 36.29 50.4428427125 0.05 36.29
3 49.96 0.25 36.29 50.4428427125 0.05 36.29
3 50.56 0.25 36.29 51.0428427125 0.05 36.29
3 50.56 0.25 36.29 51.0428427125 0.05 36.29
3 51.0658554881 0.25 36.3250168046 51.535357218 0.05 36.4377341973
3 51.0658554881 0.25 36.3250168046 51.535357218 0.05 36.4377341973
3 50.92 0.25 36.53 50.92 0.05 37.0128427125
3 50.92 0.25 36.53 50.92 0.05 37.0128427125
3 50.7986474508 0.25 36.6781677878 50.4080194908 0.05 36.9619756134
3 50.7986474508 0.25 36.6781677878 50.4080194908 0.05 36.9619756134
3 50.41 0.25 36.59 49.9271572875 0.05 36.59
3 50.41 0.25 36.59 49.9271572875 0.05 36.59
3 49.81 0.25 36.59 49.3271572875 0.05 36.59
3 49.81 0.25 36.59 49.3271572875 0.05 36.59
3 49.21 0.25 36.59 48.7271572875 0.05 36.59
3 49.21 0.25 36.59 48.7271572875 0.05 36.59
3 48.61 0.25 36.59 48.1271572875 0.05 36.59
3 48.61 0.25 36.59 48.1271572875 0.05 36.59
3 48.01 0.25 36.59 47.5271572875 0.05 36.59
3 48.01 0.25 36.59 47.5271572875 0.05 36.59
3 47.41 0.25 36.59 46.9271572875 0.05 36.59
3 47.41 0.25 36.59 46.9271572875 0.05 36.59
3 46.81 0.25 36.59 46.3271572875 0.05 36.59
3 46.81 0.25 36.59 46.3271572875 0.05 36.59
3 46.21 0.25 36.59 45.7271572875 0.05 36.59
3 46.21 0.25 36.59 45.7271572875 0.05 36.59
3 46.0716252153 0.25 36.7178960247 45.819340591 0.05 37.1295871144
3 46.0716252153 0.25 36.7178960247 45.819340591 0.05 37.1295871144
3 46.1734651698 0.25 37.0381532511 46.2489984112 0.05 37.5150513685
3 46.1734651698 0.25 37.0381532511 46.2489984112 0.05 37.5150513685
3 46.36 0.25 36.89 46.8428427125 0.05 36.89
3 46.36 0.25 36.89 46.8428427125 0.05 36.89
3 46.96 0.25 36.89 47.4428427125 0.05 36.89
3 46.96 0.25 36.89 47.4428427125 0.05 36.89
3 47.56 0.25 36.89 48.0428427125 0.05 36.89
3 47.56 0.25 36.89 48.0428427125 0.05 36.89
3 48.16 0.25 36.89 48.6428427125 0.05 36.89
3 48.16 0.25 36.89 48.6428427125 0.05 36.89
3 48.76 0.25 36.89 49.2428427125 0.05 36.89
3 48.76 0.25 36.89 49.2428427125 0.05 36.89
3 49.36 0.25 36.89 49.8428427125 0.05 36.89
3 49.36 0.25 36.89 49.8428427125 0.05 36.89
3 49.96 0.25 36.89 50.4428427125 0.05 36.89
3 49.96 0.25 36.89 50.4428427125 0.05 36.89
3 50.56 0.25 36.89 51.0428427125 0.05 36.89
3 50.56 0.25 36.89 51.0428427125 0.05 36.89
3 51.0658554881 0.25 36.9250168046 51.535357218 0.05 37.0377341973
3 51.0658554881 0.25 36.9250168046 51.535357218 0.05 37.0377341973
3 50.92 0.25 37.13 50.92 0.05 37.6128427125
3 50.92 0.25 37.13 50.92 0.05 37.6128427125
3 50.7986474508 0.25 37.2781677878 50.4080194908 0.05 37.5619756134
3 50.7986474508 0.25 37.2781677878 50.4080194908 0.05 37.5619756134
3 50.41 0.25 37.19 49.9271572875 0.05 37.19
3 50.41 0.25 37.19 49.9271572875 0.05 37.19
3 49.81 0.25 37.19 49.3271572875 0.05 37.19
3 49.81 0.25 37.19 49.3271572875 0.05 37.19
3 49.21 0.25 37.19 48.7271572875 0.05 37.19
3 49.21 0.25 37.19 48.7271572875 0.05 37.19
3 48.61 0.25 37.19 48.1271572875 0.05 37.19
3 48.61 0.25 37.19 48.1271572875 0.05 37.19
3 48.01 0.25 37.19 47.5271572875 0.05 37.19
3 48.01 0.25 37.19 47.5271572875 0.05 37.19
3 47.41 0.25 37.19 46.9271572875 0.05 37.19
3 47.41 0.25 37.19 46.9271572875 0.05 37.19
3 46.81 0.25 37.19 46.3271572875 0.05 37.19
3 46.81 0.25 37.19 46.3271572875 0.05 37.19
3 46.21 0.25 37.19 45.7271572875 0.05 37.19
3 46.21 0.25 37.19 45.7271572875 0.05 37.19
3 46.0716252153 0.25 37.3178960247 45.819340591 0.05 37.7295871144
3 46.0716252153 0.25 37.3178960247 45.819340591 0.05 37.7295871144
3 46.2381677878 0.25 37.4313525492 46.5219756134 0.05 37.8219805092
3 46.2381677878 0.25 37.4313525492 46.5219756134 0.05 37.8219805092
3 46.54 0.25 37.31 47.0228427125 0.05 37.31
3 46.54 0.25 37.31 47.0228427125 0.05 37.31
3 47.14 0.25 37.31 47.6228427125 0.05 37.31
3 47.14 0.25 37.31 47.6228427125 0.05 37.31
3 47.74 0.25 37.31 48.2228427125 0.05 37.31
3 47.74 0.25 37.31 48.2228427125 0.05 37.31
3 48.1436509786 0.25 37.378098575 48.5738669856 0.05 37.5973045793
3 48.1436509786 0.25 37.378098575 48.5738669856 0.05 37.5973045793
