#first three elements, eye and last three, lookAt
#frame rate
#shutter_speed
6 37.86 0.25 33.29 38.3428427125 0.05 33.29
6 37.86 0.25 33.29 38.3428427125 0.05 33.29
6 38.46 0.25 33.29 38.9428427125 0.05 33.29
6 38.46 0.25 33.29 38.9428427125 0.05 33.29
6 39.06 0.25 33.29 39.5428427125 0.05 33.29
6 39.06 0.25 33.29 39.5428427125 0.05 33.29
6 39.66 0.25 33.29 40.1428427125 0.05 33.29
6 39.66 0.25 33.29 40.1428427125 0.05 33.29
6 40.26 0.25 33.29 40.7428427125 0.05 33.29
6 40.26 0.25 33.29 40.7428427125 0.05 33.29
6 40.86 0.25 33.29 41.3428427125 0.05 33.29
6 40.86 0.25 33.29 41.3428427125 0.05 33.29
6 41.46 0.25 33.29 41.9428427125 0.05 33.29
6 41.46 0.25 33.29 41.9428427125 0.05 33.29
6 42.06 0.25 33.29 42.5428427125 0.05 33.29
6 42.06 0.25 33.29 42.5428427125 0.05 33.29
6 42.66 0.25 33.29 43.1428427125 0.05 33.29
6 42.66 0.25 33.29 43.1428427125 0.05 33.29
6 43.1658554881 0.25 33.3250168046 43.635357218 0.05 33.4377341973
6 43.1658554881 0.25 33.3250168046 43.635357218 0.05 33.4377341973
6 43.02 0.25 33.53 43.02 0.05 34.0128427125
6 43.02 0.25 33.53 43.02 0.05 34.0128427125
6 42.8986474508 0.25 33.6781677878 42.5080194908 0.05 33.9619756134
6 42.8986474508 0.25 33.6781677878 42.5080194908 0.05 33.9619756134
6 42.51 0.25 33.59 42.0271572875 0.05 33.59
6 42.51 0.25 33.59 42.0271572875 0.05 33.59
6 41.91 0.25 33.59 41.4271572875 0.05 33.59
6 41.91 0.25 33.59 41.4271572875 0.05 33.59
6 41.31 0.25 33.59 40.8271572875 0.05 33.59
6 41.31 0.25 33.59 40.8271572875 0.05 33.59
6 40.71 0.25 33.59 40.2271572875 0.05 33.59
6 40.71 0.25 33.59 40.2271572875 0.05 33.59
6 40.11 0.25 33.59 39.6271572875 0.05 33.59
6 40.11 0.25 33.59 39.6271572875 0.05 33.59
6 39.51 0.25 33.59 39.0271572875 0.05 33.59
6 39.51 0.25 33.59 39.0271572875 0.05 33.59
6 38.91 0.25 33.59 38.4271572875 0.05 33.59
6 38.91 0.25 33.59 38.4271572875 0.05 33.59
6 38.31 0.25 33.59 37.8271572875 0.05 33.59
6 38.31 0.25 33.59 37.8271572875 0.05 33.59
6 37.71 0.25 33.59 37.2271572875 0.05 33.59
6 37.71 0.25 33.59 37.2271572875 0.05 33.59
6 37.5716252153 0.25 33.7178960247 37.319340591 0.05 34.1295871144
6 37.5716252153 0.25 33.7178960247 37.319340591 0.05 34.1295871144
6 37.6734651698 0.25 34.0381532511 37.7489984112 0.05 34.5150513685
6 37.6734651698 0.25 34.0381532511 37.7489984112 0.05 34.5150513685
6 37.86 0.25 33.89 38.3428427125 0.05 33.89
6 37.86 0.25 33.89 38.3428427125 0.05 33.89
6 38.46 0.25 33.89 38.9428427125 0.05 33.89
6 38.46 0.25 33.89 38.9428427125 0.05 33.89
6 39.06 0.25 33.89 39.5428427125 0.05 33.89
6 39.06 0.25 33.89 39.5428427125 0.05 33.89
6 39.66 0.25 33.89 40.1428427125 0.05 33.89
6 39.66 0.25 33.89 40.1428427125 0.05 33.89
6 40.26 0.25 33.89 40.7428427125 0.05 33.89
6 40.26 0.25 33.89 40.7428427125 0.05 33.89
6 40.86 0.25 33.89 41.3428427125 0.05 33.89
6 40.86 0.25 33.89 41.3428427125 0.05 33.89
6 41.46 0.25 33.89 41.9428427125 0.05 33.89
6 41.46 0.25 33.89 41.9428427125 0.05 33.89
6 42.06 0.25 33.89 42.5428427125 0.05 33.89
6 42.06 0.25 33.89 42.5428427125 0.05 33.89
6 42.66 0.25 33.89 43.1428427125 0.05 33.89
6 42.66 0.25 33.89 43.1428427125 0.05 33.89
6 43.1658554881 0.25 33.9250168046 43.635357218 0.05 34.0377341973
6 43.1658554881 0.25 33.9250168046 43.635357218 0.05 34.0377341973
6 43.02 0.25 34.13 43.02 0.05 34.6128427125
6 43.02 0.25 34.13 43.02 0.05 34.6128427125
6 42.8986474508 0.25 34.2781677878 42.5080194908 0.05 34.5619756134
6 42.8986474508 0.25 34.2781677878 42.5080194908 0.05 34.5619756134
6 42.51 0.25 34.19 42.0271572875 0.05 34.19
6 42.51 0.25 34.19 42.0271572875 0.05 34.19
6 41.91 0.25 34.19 41.4271572875 0.05 34.19
6 41.91 0.25 34.19 41.4271572875 0.05 34.19
6 41.31 0.25 34.19 40.8271572875 0.05 34.19
6 41.31 0.25 34.19 40.8271572875 0.05 34.19
6 40.71 0.25 34.19 40.2271572875 0.05 34.19
6 40.71 0.25 34.19 40.2271572875 0.05 34.19
6 40.11 0.25 34.19 39.6271572875 0.05 34.19
6 40.11 0.25 34.19 39.6271572875 0.05 34.19
6 39.51 0.25 34.19 39.0271572875 0.05 34.19
6 39.51 0.25 34.19 39.0271572875 0.05 34.19
6 38.91 0.25 34.19 38.4271572875 0.05 34.19
6 38.91 0.25 34.19 38.4271572875 0.05 34.19
6 38.31 0.25 34.19 37.8271572875 0.05 34.19
6 38.31 0.25 34.19 37.8271572875 0.05 34.19
6 37.71 0.25 34.19 37.2271572875 0.05 34.19
6 37.71 0.25 34.19 37.2271572875 0.05 34.19
6 37.5716252153 0.25 34.3178960247 37.319340591 0.05 34.7295871144
6 37.5716252153 0.25 34.3178960247 37.319340591 0.05 34.7295871144
6 37.6734651698 0.25 34.6381532511 37.7489984112 0.05 35.1150513685
6 37.6734651698 0.25 34.6381532511 37.7489984112 0.05 35.1150513685
6 37.86 0.25 34.49 38.3428427125 0.05 34.49
6 37.86 0.25 34.49 38.3428427125 0.05 34.49
6 38.46 0.25 34.49 38.9428427125 0.05 34.49
6 38.46 0.25 34.49 38.9428427125 0.05 34.49
6 39.06 0.25 34.49 39.5428427125 0.05 34.49
6 39.06 0.25 34.49 39.5428427125 0.05 34.49
6 39.66 0.25 34.49 40.1428427125 0.05 34.49
6 39.66 0.25 34.49 40.1428427125 0.05 34.49
6 40.26 0.25 34.49 40.7428427125 0.05 34.49
6 40.26 0.25 34.49 40.7428427125 0.05 34.49
6 40.86 0.25 34.49 41.3428427125 0.05 34.49
6 40.86 0.25 34.49 41.3428427125 0.05 34.49
6 41.46 0.25 34.49 41.9428427125 0.05 34.49
6 41.46 0.25 34.49 41.9428427125 0.05 34.49
6 42.06 0.25 34.49 42.5428427125 0.05 34.49
6 42.06 0.25 34.49 42.5428427125 0.05 34.49
6 42.66 0.25 34.49 43.1428427125 0.05 34.49
6 42.66 0.25 34.49 43.1428427125 0.05 34.49
6 43.1658554881 0.25 34.5250168046 43.635357218 0.05 34.6377341973
6 43.1658554881 0.25 34.5250168046 43.635357218 0.05 34.6377341973
6 43.02 0.25 34.73 43.02 0.05 35.2128427125
6 43.02 0.25 34.73 43.02 0.05 35.2128427125
6 42.8986474508 0.25 34.8781677878 42.5080194908 0.05 35.1619756134
6 42.8986474508 0.25 34.8781677878 42.5080194908 0.05 35.1619756134
6 42.51 0.25 34.79 42.0271572875 0.05 34.79
6 42.51 0.25 34.79 42.0271572875 0.05 34.79
6 41.91 0.25 34.79 41.4271572875 0.05 34.79
6 41.91 0.25 34.79 41.4271572875 0.05 34.79
6 41.31 0.25 34.79 40.8271572875 0.05 34.79
6 41.31 0.25 34.79 40.8271572875 0.05 34.79
6 40.71 0.25 34.79 40.2271572875 0.05 34.79
6 40.71 0.25 34.79 40.2271572875 0.05 34.79
6 40.11 0.25 34.79 39.6271572875 0.05 34.79
6 40.11 0.25 34.79 39.6271572875 0.05 34.79
6 39.51 0.25 34.79 39.0271572875 0.05 34.79
6 39.51 0.25 34.79 39.0271572875 0.05 34.79
6 38.91 0.25 34.79 38.4271572875 0.05 34.79
6 38.91 0.25 34.79 38.4271572875 0.05 34.79
6 38.31 0.25 34.79 37.8271572875 0.05 34.79
6 38.31 0.25 34.79 37.8271572875 0.05 34.79
6 37.71 0.25 34.79 37.2271572875 0.05 34.79
6 37.71 0.25 34.79 37.2271572875 0.05 34.79
6 37.5716252153 0.25 34.9178960247 37.319340591 0.05 35.3295871144
6 37.5716252153 0.25 34.9178960247 37.319340591 0.05 35.3295871144
6 37.6734651698 0.25 35.2381532511 37.7489984112 0.05 35.7150513685
6 37.6734651698 0.25 35.2381532511 37.7489984112 0.05 35.7150513685
6 37.86 0.25 35.09 38.3428427125 0.05 35.09
6 37.86 0.25 35.09 38.3428427125 0.05 35.09
6 38.46 0.25 35.09 38.9428427125 0.05 35.09
6 38.46 0.25 35.09 38.9428427125 0.05 35.09
6 39.06 0.25 35.09 39.5428427125 0.05 35.09
6 39.06 0.25 35.09 39.5428427125 0.05 35.09
6 39.66 0.25 35.09 40.1428427125 0.05 35.09
6 39.66 0.25 35.09 40.1428427125 0.05 35.09
6 40.26 0.25 35.09 40.7428427125 0.05 35.09
6 40.26 0.25 35.09 40.7428427125 0.05 35.09
6 40.86 0.25 35.09 41.3428427125 0.05 35.09
6 40.86 0.25 35.09 41.3428427125 0.05 35.09
6 41.46 0.25 35.09 41.9428427125 0.05 35.09
6 41.46 0.25 35.09 41.9428427125 0.05 35.09
6 42.06 0.25 35.09 42.5428427125 0.05 35.09
6 42.06 0.25 35.09 42.5428427125 0.05 35.09
6 42.66 0.25 35.09 43.1428427125 0.05 35.09
6 42.66 0.25 35.09 43.1428427125 0.05 35.09
6 43.1658554881 0.25 35.1250168046 43.635357218 0.05 35.2377341973
6 43.1658554881 0.25 35.1250168046 43.635357218 0.05 35.2377341973
6 43.02 0.25 35.33 43.02 0.05 35.8128427125
6 43.02 0.25 35.33 43.02 0.05 35.8128427125
6 42.8986474508 0.25 35.4781677878 42.5080194908 0.05 35.7619756134
6 42.8986474508 0.25 35.4781677878 42.5080194908 0.05 35.7619756134
6 42.51 0.25 35.39 42.0271572875 0.05 35.39
6 42.51 0.25 35.39 42.0271572875 0.05 35.39
6 41.91 0.25 35.39 41.4271572875 0.05 35.39
6 41.91 0.25 35.39 41.4271572875 0.05 35.39
6 41.31 0.25 35.39 40.8271572875 0.05 35.39
6 41.31 0.25 35.39 40.8271572875 0.05 35.39
6 40.71 0.25 35.39 40.2271572875 0.05 35.39
6 40.71 0.25 35.39 40.2271572875 0.05 35.39
6 40.11 0.25 35.39 39.6271572875 0.05 35.39
6 40.11 0.25 35.39 39.6271572875 0.05 35.39
6 39.51 0.25 35.39 39.0271572875 0.05 35.39
6 39.51 0.25 35.39 39.0271572875 0.05 35.39
6 38.91 0.25 35.39 38.4271572875 0.05 35.39
6 38.91 0.25 35.39 38.4271572875 0.05 35.39
6 38.31 0.25 35.39 37.8271572875 0.05 35.39
6 38.31 0.25 35.39 37.8271572875 0.05 35.39
6 37.71 0.25 35.39 37.2271572875 0.05 35.39
6 37.71 0.25 35.39 37.2271572875 0.05 35.39
6 37.5716252153 0.25 35.5178960247 37.319340591 0.05 35.9295871144
6 37.5716252153 0.25 35.5178960247 37.319340591 0.05 35.9295871144
6 37.6734651698 0.25 35.8381532511 37.7489984112 0.05 36.3150513685
6 37.6734651698 0.25 35.8381532511 37.7489984112 0.05 36.3150513685
6 37.86 0.25 35.69 38.3428427125 0.05 35.69
6 37.86 0.25 35.69 38.3428427125 0.05 35.69
6 38.46 0.25 35.69 38.9428427125 0.05 35.69
6 38.46 0.25 35.69 38.9428427125 0.05 35.69
6 39.06 0.25 35.69 39.5428427125 0.05 35.69
6 39.06 0.25 35.69 39.5428427125 0.05 35.69
6 39.66 0.25 35.69 40.1428427125 0.05 35.69
6 39.66 0.25 35.69 40.1428427125 0.05 35.69
6 40.26 0.25 35.69 40.7428427125 0.05 35.69
6 40.26 0.25 35.69 40.7428427125 0.05 35.69
6 40.86 0.25 35.69 41.3428427125 0.05 35.69
6 40.86 0.25 35.69 41.3428427125 0.05 35.69
6 41.46 0.25 35.69 41.9428427125 0.05 35.69
6 41.46 0.25 35.69 41.9428427125 0.05 35.69
6 42.06 0.25 35.69 42.5428427125 0.05 35.69
6 42.06 0.25 35.69 42.5428427125 0.05 35.69
6 42.66 0.25 35.69 43.1428427125 0.05 35.69
6 42.66 0.25 35.69 43.1428427125 0.05 35.69
6 43.1658554881 0.25 35.7250168046 43.635357218 0.05 35.8377341973
6 43.1658554881 0.25 35.7250168046 43.635357218 0.05 35.8377341973
6 43.02 0.25 35.93 43.02 0.05 36.4128427125
6 43.02 0.25 35.93 43.02 0.05 36.4128427125
6 42.8986474508 0.25 36.0781677878 42.5080194908 0.05 36.3619756134
6 42.8986474508 0.25 36.0781677878 42.5080194908 0.05 36.3619756134
6 42.51 0.25 35.99 42.0271572875 0.05 35.99
6 42.51 0.25 35.99 42.0271572875 0.05 35.99
6 41.91 0.25 35.99 41.4271572875 0.05 35.99
6 41.91 0.25 35.99 41.4271572875 0.05 35.99
6 41.31 0.25 35.99 40.8271572875 0.05 35.99
6 41.31 0.25 35.99 40.8271572875 0.05 35.99
6 40.71 0.25 35.99 40.2271572875 0.05 35.99
6 40.71 0.25 35.99 40.2271572875 0.05 35.99
6 40.11 0.25 35.99 39.6271572875 0.05 35.99
6 40.11 0.25 35.99 39.6271572875 0.05 35.99
6 39.51 0.25 35.99 39.0271572875 0.05 35.99
6 39.51 0.25 35.99 39.0271572875 0.05 35.99
6 38.91 0.25 35.99 38.4271572875 0.05 35.99
6 38.91 0.25 35.99 38.4271572875 0.05 35.99
6 38.31 0.25 35.99 37.8271572875 0.05 35.99
6 38.31 0.25 35.99 37.8271572875 0.05 35.99
6 37.71 0.25 35.99 37.2271572875 0.05 35.99
6 37.71 0.25 35.99 37.2271572875 0.05 35.99
6 37.5716252153 0.25 36.1178960247 37.319340591 0.05 36.5295871144
6 37.5716252153 0.25 36.1178960247 37.319340591 0.05 36.5295871144
6 37.6734651698 0.25 36.4381532511 37.7489984112 0.05 36.9150513685
6 37.6734651698 0.25 36.4381532511 37.7489984112 0.05 36.9150513685
6 37.86 0.25 36.29 38.3428427125 0.05 36.29
6 37.86 0.25 36.29 38.3428427125 0.05 36.29
6 38.46 0.25 36.29 38.9428427125 0.05 36.29
6 38.46 0.25 36.29 38.9428427125 0.05 36.29
6 39.06 0.25 36.29 39.5428427125 0.05 36.29
6 39.06 0.25 36.29 39.5428427125 0.05 36.29
6 39.66 0.25 36.29 40.1428427125 0.05 36.29
6 39.66 0.25 36.29 40.1428427125 0.05 36.29
6 40.26 0.25 36.29 40.7428427125 0.05 36.29
6 40.26 0.25 36.29 40.7428427125 0.05 36.29
6 40.86 0.25 36.29 41.3428427125 0.05 36.29
6 40.86 0.25 36.29 41.3428427125 0.05 36.29
6 41.46 0.25 36.29 41.9428427125 0.05 36.29
6 41.46 0.25 36.29 41.9428427125 0.05 36.29
6 42.06 0.25 36.29 42.5428427125 0.05 36.29
6 42.06 0.25 36.29 42.5428427125 0.05 36.29
6 42.66 0.25 36.29 43.1428427125 0.05 36.29
6 42.66 0.25 36.29 43.1428427125 0.05 36.29
6 43.1658554881 0.25 36.3250168046 43.635357218 0.05 36.4377341973
6 43.1658554881 0.25 36.3250168046 43.635357218 0.05 36.4377341973
6 43.02 0.25 36.53 43.02 0.05 37.0128427125
6 43.02 0.25 36.53 43.02 0.05 37.0128427125
6 42.8986474508 0.25 36.6781677878 42.5080194908 0.05 36.9619756134
6 42.8986474508 0.25 36.6781677878 42.5080194908 0.05 36.9619756134
6 42.51 0.25 36.59 42.0271572875 0.05 36.59
6 42.51 0.25 36.59 42.0271572875 0.05 36.59
6 41.91 0.25 36.59 41.4271572875 0.05 36.59
6 41.91 0.25 36.59 41.4271572875 0.05 36.59
6 41.31 0.25 36.59 40.8271572875 0.05 36.59
6 41.31 0.25 36.59 40.8271572875 0.05 36.59
6 40.71 0.25 36.59 40.2271572875 0.05 36.59
6 40.71 0.25 36.59 40.2271572875 0.05 36.59
6 40.11 0.25 36.59 39.6271572875 0.05 36.59
6 40.11 0.25 36.59 39.6271572875 0.05 36.59
6 39.51 0.25 36.59 39.0271572875 0.05 36.59
6 39.51 0.25 36.59 39.0271572875 0.05 36.59
6 38.91 0.25 36.59 38.4271572875 0.05 36.59
6 38.91 0.25 36.59 38.4271572875 0.05 36.59
6 38.31 0.25 36.59 37.8271572875 0.05 36.59
6 38.31 0.25 36.59 37.8271572875 0.05 36.59
6 37.71 0.25 36.59 37.2271572875 0.05 36.59
6 37.71 0.25 36.59 37.2271572875 0.05 36.59
6 37.5716252153 0.25 36.7178960247 37.319340591 0.05 37.1295871144
6 37.5716252153 0.25 36.7178960247 37.319340591 0.05 37.1295871144
6 37.6734651698 0.25 37.0381532511 37.7489984112 0.05 37.5150513685
6 37.6734651698 0.25 37.0381532511 37.7489984112 0.05 37.5150513685
6 37.86 0.25 36.89 38.3428427125 0.05 36.89
6 37.86 0.25 36.89 38.3428427125 0.05 36.89
6 38.46 0.25 36.89 38.9428427125 0.05 36.89
6 38.46 0.25 36.89 38.9428427125 0.05 36.89
6 39.06 0.25 36.89 39.5428427125 0.05 36.89
6 39.06 0.25 36.89 39.5428427125 0.05 36.89
6 39.66 0.25 36.89 40.1428427125 0.05 36.89
6 39.66 0.25 36.89 40.1428427125 0.05 36.89
6 40.26 0.25 36.89 40.7428427125 0.05 36.89
6 40.26 0.25 36.89 40.7428427125 0.05 36.89
6 40.86 0.25 36.89 41.3428427125 0.05 36.89
6 40.86 0.25 36.89 41.3428427125 0.05 36.89
6 41.46 0.25 36.89 41.9428427125 0.05 36.89
6 41.46 0.25 36.89 41.9428427125 0.05 36.89
6 42.06 0.25 36.89 42.5428427125 0.05 36.89
6 42.06 0.25 36.89 42.5428427125 0.05 36.89
6 42.66 0.25 36.89 43.1428427125 0.05 36.89
6 42.66 0.25 36.89 43.1428427125 0.05 36.89
6 43.1658554881 0.25 36.9250168046 43.635357218 0.05 37.0377341973
6 43.1658554881 0.25 36.9250168046 43.635357218 0.05 37.0377341973
6 43.02 0.25 37.13 43.02 0.05 37.6128427125
6 43.02 0.25 37.13 43.02 0.05 37.6128427125
6 42.8986474508 0.25 37.2781677878 42.5080194908 0.05 37.5619756134
6 42.8986474508 0.25 37.2781677878 42.5080194908 0.05 37.5619756134
6 42.51 0.25 37.19 42.0271572875 0.05 37.19
6 42.51 0.25 37.19 42.0271572875 0.05 37.19
6 41.91 0.25 37.19 41.4271572875 0.05 37.19
6 41.91 0.25 37.19 41.4271572875 0.05 37.19
6 41.31 0.25 37.19 40.8271572875 0.05 37.19
6 41.31 0.25 37.19 40.8271572875 0.05 37.19
6 40.71 0.25 37.19 40.2271572875 0.05 37.19
6 40.71 0.25 37.19 40.2271572875 0.05 37.19
6 40.11 0.25 37.19 39.6271572875 0.05 37.19
6 40.11 0.25 37.19 39.6271572875 0.05 37.19
6 39.51 0.25 37.19 39.0271572875 0.05 37.19
6 39.51 0.25 37.19 39.0271572875 0.05 37.19
6 38.91 0.25 37.19 38.4271572875 0.05 37.19
6 38.91 0.25 37.19 38.4271572875 0.05 37.19
6 38.31 0.25 37.19 37.8271572875 0.05 37.19
6 38.31 0.25 37.19 37.8271572875 0.05 37.19
6 37.71 0.25 37.19 37.2271572875 0.05 37.19
6 37.71 0.25 37.19 37.2271572875 0.05 37.19
6 37.5716252153 0.25 37.3178960247 37.319340591 0.05 37.7295871144
6 37.5716252153 0.25 37.3178960247 37.319340591 0.05 37.7295871144
6 37.7381677878 0.25 37.4313525492 38.0219756134 0.05 37.8219805092
6 37.7381677878 0.25 37.4313525492 38.0219756134 0.05 37.8219805092
6 38.04 0.25 37.31 38.5228427125 0.05 37.31
6 38.04 0.25 37.31 38.5228427125 0.05 37.31
6 38.64 0.25 37.31 39.1228427125 0.05 37.31
6 38.64 0.25 37.31 39.1228427125 0.05 37.31
6 39.24 0.25 37.31 39.7228427125 0.05 37.31
6 39.24 0.25 37.31 39.7228427125 0.05 37.31
6 39.84 0.25 37.31 40.3228427125 0.05 37.31
6 39.84 0.25 37.31 40.3228427125 0.05 37.31
6 40.44 0.25 37.31 40.9228427125 0.05 37.31
6 40.44 0.25 37.31 40.9228427125 0.05 37.31
6 41.04 0.25 37.31 41.5228427125 0.05 37.31
6 41.04 0.25 37.31 41.5228427125 0.05 37.31
6 41.64 0.25 37.31 42.1228427125 0.05 37.31
6 41.64 0.25 37.31 42.1228427125 0.05 37.31
6 42.24 0.25 37.31 42.7228427125 0.05 37.31
6 42.24 0.25 37.31 42.7228427125 0.05 37.31
6 42.84 0.25 37.31 43.3228427125 0.05 37.31
6 42.84 0.25 37.31 43.3228427125 0.05 37.31
6 43.1340608948 0.25 37.4074172072 43.5012173739 0.05 37.7209984645
6 43.1340608948 0.25 37.4074172072 43.5012173739 0.05 37.7209984645
