#first three elements, eye and last three, lookAt
#frame rate
#shutter_speed
4 30.66 0.25 30.99 31.1428427125 0.05 30.99
4 30.66 0.25 30.99 31.1428427125 0.05 30.99
4 31.26 0.25 30.99 31.7428427125 0.05 30.99
4 31.26 0.25 30.99 31.7428427125 0.05 30.99
4 31.86 0.25 30.99 32.3428427125 0.05 30.99
4 31.86 0.25 30.99 32.3428427125 0.05 30.99
4 32.46 0.25 30.99 32.9428427125 0.05 30.99
4 32.46 0.25 30.99 32.9428427125 0.05 30.99
4 33.06 0.25 30.99 33.5428427125 0.05 30.99
4 33.06 0.25 30.99 33.5428427125 0.05 30.99
4 33.66 0.25 30.99 34.1428427125 0.05 30.99
4 33.66 0.25 30.99 34.1428427125 0.05 30.99
4 34.26 0.25 30.99 34.7428427125 0.05 30.99
4 34.26 0.25 30.99 34.7428427125 0.05 30.99
4 34.86 0.25 30.99 35.3428427125 0.05 30.99
4 34.86 0.25 30.99 35.3428427125 0.05 30.99
4 35.46 0.25 30.99 35.9428427125 0.05 30.99
4 35.46 0.25 30.99 35.9428427125 0.05 30.99
4 36.06 0.25 30.99 36.5428427125 0.05 30.99
4 36.06 0.25 30.99 36.5428427125 0.05 30.99
4 36.66 0.25 30.99 37.1428427125 0.05 30.99
4 36.66 0.25 30.99 37.1428427125 0.05 30.99
4 37.26 0.25 30.99 37.7428427125 0.05 30.99
4 37.26 0.25 30.99 37.7428427125 0.05 30.99
4 37.3983747847 0.25 31.1178960247 37.650659409 0.05 31.5295871144
4 37.3983747847 0.25 31.1178960247 37.650659409 0.05 31.5295871144
4 37.2965348302 0.25 31.4381532511 37.2210015888 0.05 31.9150513685
4 37.2965348302 0.25 31.4381532511 37.2210015888 0.05 31.9150513685
4 37.11 0.25 31.29 36.6271572875 0.05 31.29
4 37.11 0.25 31.29 36.6271572875 0.05 31.29
4 36.51 0.25 31.29 36.0271572875 0.05 31.29
4 36.51 0.25 31.29 36.0271572875 0.05 31.29
4 35.91 0.25 31.29 35.4271572875 0.05 31.29
4 35.91 0.25 31.29 35.4271572875 0.05 31.29
4 35.31 0.25 31.29 34.8271572875 0.05 31.29
4 35.31 0.25 31.29 34.8271572875 0.05 31.29
4 34.71 0.25 31.29 34.2271572875 0.05 31.29
4 34.71 0.25 31.29 34.2271572875 0.05 31.29
4 34.11 0.25 31.29 33.6271572875 0.05 31.29
4 34.11 0.25 31.29 33.6271572875 0.05 31.29
4 33.51 0.25 31.29 33.0271572875 0.05 31.29
4 33.51 0.25 31.29 33.0271572875 0.05 31.29
4 32.91 0.25 31.29 32.4271572875 0.05 31.29
4 32.91 0.25 31.29 32.4271572875 0.05 31.29
4 32.31 0.25 31.29 31.8271572875 0.05 31.29
4 32.31 0.25 31.29 31.8271572875 0.05 31.29
4 31.71 0.25 31.29 31.2271572875 0.05 31.29
4 31.71 0.25 31.29 31.2271572875 0.05 31.29
4 31.11 0.25 31.29 30.6271572875 0.05 31.29
4 31.11 0.25 31.29 30.6271572875 0.05 31.29
4 30.51 0.25 31.29 30.0271572875 0.05 31.29
4 30.51 0.25 31.29 30.0271572875 0.05 31.29
4 30.3716252153 0.25 31.4178960247 30.119340591 0.05 31.8295871144
4 30.3716252153 0.25 31.4178960247 30.119340591 0.05 31.8295871144
4 30.4734651698 0.25 31.7381532511 30.5489984112 0.05 32.2150513685
4 30.4734651698 0.25 31.7381532511 30.5489984112 0.05 32.2150513685
4 30.66 0.25 31.59 31.1428427125 0.05 31.59
4 30.66 0.25 31.59 31.1428427125 0.05 31.59
4 31.26 0.25 31.59 31.7428427125 0.05 31.59
4 31.26 0.25 31.59 31.7428427125 0.05 31.59
4 31.86 0.25 31.59 32.3428427125 0.05 31.59
4 31.86 0.25 31.59 32.3428427125 0.05 31.59
4 32.46 0.25 31.59 32.9428427125 0.05 31.59
4 32.46 0.25 31.59 32.9428427125 0.05 31.59
4 33.06 0.25 31.59 33.5428427125 0.05 31.59
4 33.06 0.25 31.59 33.5428427125 0.05 31.59
4 33.66 0.25 31.59 34.1428427125 0.05 31.59
4 33.66 0.25 31.59 34.1428427125 0.05 31.59
4 34.26 0.25 31.59 34.7428427125 0.05 31.59
4 34.26 0.25 31.59 34.7428427125 0.05 31.59
4 34.86 0.25 31.59 35.3428427125 0.05 31.59
4 34.86 0.25 31.59 35.3428427125 0.05 31.59
4 35.46 0.25 31.59 35.9428427125 0.05 31.59
4 35.46 0.25 31.59 35.9428427125 0.05 31.59
4 36.06 0.25 31.59 36.5428427125 0.05 31.59
4 36.06 0.25 31.59 36.5428427125 0.05 31.59
4 36.66 0.25 31.59 37.1428427125 0.05 31.59
4 36.66 0.25 31.59 37.1428427125 0.05 31.59
4 37.26 0.25 31.59 37.7428427125 0.05 31.59
4 37.26 0.25 31.59 37.7428427125 0.05 31.59
4 37.3983747847 0.25 31.7178960247 37.650659409 0.05 32.1295871144
4 37.3983747847 0.25 31.7178960247 37.650659409 0.05 32.1295871144
4 37.2965348302 0.25 32.0381532511 37.2210015888 0.05 32.5150513685
4 37.2965348302 0.25 32.0381532511 37.2210015888 0.05 32.5150513685
4 37.11 0.25 31.89 36.6271572875 0.05 31.89
4 37.11 0.25 31.89 36.6271572875 0.05 31.89
4 36.51 0.25 31.89 36.0271572875 0.05 31.89
4 36.51 0.25 31.89 36.0271572875 0.05 31.89
4 35.91 0.25 31.89 35.4271572875 0.05 31.89
4 35.91 0.25 31.89 35.4271572875 0.05 31.89
4 35.31 0.25 31.89 34.8271572875 0.05 31.89
4 35.31 0.25 31.89 34.8271572875 0.05 31.89
4 34.71 0.25 31.89 34.2271572875 0.05 31.89
4 34.71 0.25 31.89 34.2271572875 0.05 31.89
4 34.11 0.25 31.89 33.6271572875 0.05 31.89
4 34.11 0.25 31.89 33.6271572875 0.05 31.89
4 33.51 0.25 31.89 33.0271572875 0.05 31.89
4 33.51 0.25 31.89 33.0271572875 0.05 31.89
4 32.91 0.25 31.89 32.4271572875 0.05 31.89
4 32.91 0.25 31.89 32.4271572875 0.05 31.89
4 32.31 0.25 31.89 31.8271572875 0.05 31.89
4 32.31 0.25 31.89 31.8271572875 0.05 31.89
4 31.71 0.25 31.89 31.2271572875 0.05 31.89
4 31.71 0.25 31.89 31.2271572875 0.05 31.89
4 31.11 0.25 31.89 30.6271572875 0.05 31.89
4 31.11 0.25 31.89 30.6271572875 0.05 31.89
4 30.51 0.25 31.89 30.0271572875 0.05 31.89
4 30.51 0.25 31.89 30.0271572875 0.05 31.89
4 30.3716252153 0.25 32.0178960247 30.119340591 0.05 32.4295871144
4 30.3716252153 0.25 32.0178960247 30.119340591 0.05 32.4295871144
4 30.4734651698 0.25 32.3381532511 30.5489984112 0.05 32.8150513685
4 30.4734651698 0.25 32.3381532511 30.5489984112 0.05 32.8150513685
4 30.66 0.25 32.19 31.1428427125 0.05 32.19
4 30.66 0.25 32.19 31.1428427125 0.05 32.19
4 31.26 0.25 32.19 31.7428427125 0.05 32.19
4 31.26 0.25 32.19 31.7428427125 0.05 32.19
4 31.86 0.25 32.19 32.3428427125 0.05 32.19
4 31.86 0.25 32.19 32.3428427125 0.05 32.19
4 32.46 0.25 32.19 32.9428427125 0.05 32.19
4 32.46 0.25 32.19 32.9428427125 0.05 32.19
4 33.06 0.25 32.19 33.5428427125 0.05 32.19
4 33.06 0.25 32.19 33.5428427125 0.05 32.19
4 33.66 0.25 32.19 34.1428427125 0.05 32.19
4 33.66 0.25 32.19 34.1428427125 0.05 32.19
4 34.26 0.25 32.19 34.7428427125 0.05 32.19
4 34.26 0.25 32.19 34.7428427125 0.05 32.19
4 34.86 0.25 32.19 35.3428427125 0.05 32.19
4 34.86 0.25 32.19 35.3428427125 0.05 32.19
4 35.46 0.25 32.19 35.9428427125 0.05 32.19
4 35.46 0.25 32.19 35.9428427125 0.05 32.19
4 36.06 0.25 32.19 36.5428427125 0.05 32.19
4 36.06 0.25 32.19 36.5428427125 0.05 32.19
4 36.66 0.25 32.19 37.1428427125 0.05 32.19
4 36.66 0.25 32.19 37.1428427125 0.05 32.19
4 37.26 0.25 32.19 37.7428427125 0.05 32.19
4 37.26 0.25 32.19 37.7428427125 0.05 32.19
4 37.3983747847 0.25 32.3178960247 37.650659409 0.05 32.7295871144
4 37.3983747847 0.25 32.3178960247 37.650659409 0.05 32.7295871144
4 37.2965348302 0.25 32.6381532511 37.2210015888 0.05 33.1150513685
4 37.2965348302 0.25 32.6381532511 37.2210015888 0.05 33.1150513685
4 37.11 0.25 32.49 36.6271572875 0.05 32.49
4 37.11 0.25 32.49 36.6271572875 0.05 32.49
4 36.51 0.25 32.49 36.0271572875 0.05 32.49
4 36.51 0.25 32.49 36.0271572875 0.05 32.49
4 35.91 0.25 32.49 35.4271572875 0.05 32.49
4 35.91 0.25 32.49 35.4271572875 0.05 32.49
4 35.31 0.25 32.49 34.8271572875 0.05 32.49
4 35.31 0.25 32.49 34.8271572875 0.05 32.49
4 34.71 0.25 32.49 34.2271572875 0.05 32.49
4 34.71 0.25 32.49 34.2271572875 0.05 32.49
4 34.11 0.25 32.49 33.6271572875 0.05 32.49
4 34.11 0.25 32.49 33.6271572875 0.05 32.49
4 33.51 0.25 32.49 33.0271572875 0.05 32.49
4 33.51 0.25 32.49 33.0271572875 0.05 32.49
4 32.91 0.25 32.49 32.4271572875 0.05 32.49
4 32.91 0.25 32.49 32.4271572875 0.05 32.49
4 32.31 0.25 32.49 31.8271572875 0.05 32.49
4 32.31 0.25 32.49 31.8271572875 0.05 32.49
4 31.71 0.25 32.49 31.2271572875 0.05 32.49
4 31.71 0.25 32.49 31.2271572875 0.05 32.49
4 31.11 0.25 32.49 30.6271572875 0.05 32.49
4 31.11 0.25 32.49 30.6271572875 0.05 32.49
4 30.51 0.25 32.49 30.0271572875 0.05 32.49
4 30.51 0.25 32.49 30.0271572875 0.05 32.49
4 30.3716252153 0.25 32.6178960247 30.119340591 0.05 33.0295871144
4 30.3716252153 0.25 32.6178960247 30.119340591 0.05 33.0295871144
4 30.4734651698 0.25 32.9381532511 30.5489984112 0.05 33.4150513685
4 30.4734651698 0.25 32.9381532511 30.5489984112 0.05 33.4150513685
4 30.66 0.25 32.79 31.1428427125 0.05 32.79
4 30.66 0.25 32.79 31.1428427125 0.05 32.79
4 31.26 0.25 32.79 31.7428427125 0.05 32.79
4 31.26 0.25 32.79 31.7428427125 0.05 32.79
4 31.86 0.25 32.79 32.3428427125 0.05 32.79
4 31.86 0.25 32.79 32.3428427125 0.05 32.79
4 32.46 0.25 32.79 32.9428427125 0.05 32.79
4 32.46 0.25 32.79 32.9428427125 0.05 32.79
4 33.06 0.25 32.79 33.5428427125 0.05 32.79
4 33.06 0.25 32.79 33.5428427125 0.05 32.79
4 33.66 0.25 32.79 34.1428427125 0.05 32.79
4 33.66 0.25 32.79 34.1428427125 0.05 32.79
4 34.26 0.25 32.79 34.7428427125 0.05 32.79
4 34.26 0.25 32.79 34.7428427125 0.05 32.79
4 34.86 0.25 32.79 35.3428427125 0.05 32.79
4 34.86 0.25 32.79 35.3428427125 0.05 32.79
4 35.46 0.25 32.79 35.9428427125 0.05 32.79
4 35.46 0.25 32.79 35.9428427125 0.05 32.79
4 36.06 0.25 32.79 36.5428427125 0.05 32.79
4 36.06 0.25 32.79 36.5428427125 0.05 32.79
4 36.66 0.25 32.79 37.1428427125 0.05 32.79
4 36.66 0.25 32.79 37.1428427125 0.05 32.79
4 37.26 0.25 32.79 37.7428427125 0.05 32.79
4 37.26 0.25 32.79 37.7428427125 0.05 32.79
4 37.3983747847 0.25 32.9178960247 37.650659409 0.05 33.3295871144
4 37.3983747847 0.25 32.9178960247 37.650659409 0.05 33.3295871144
4 37.2965348302 0.25 33.2381532511 37.2210015888 0.05 33.7150513685
4 37.2965348302 0.25 33.2381532511 37.2210015888 0.05 33.7150513685
4 37.11 0.25 33.09 36.6271572875 0.05 33.09
4 37.11 0.25 33.09 36.6271572875 0.05 33.09
4 36.51 0.25 33.09 36.0271572875 0.05 33.09
4 36.51 0.25 33.09 36.0271572875 0.05 33.09
4 35.91 0.25 33.09 35.4271572875 0.05 33.09
4 35.91 0.25 33.09 35.4271572875 0.05 33.09
4 35.31 0.25 33.09 34.8271572875 0.05 33.09
4 35.31 0.25 33.09 34.8271572875 0.05 33.09
4 34.71 0.25 33.09 34.2271572875 0.05 33.09
4 34.71 0.25 33.09 34.2271572875 0.05 33.09
4 34.11 0.25 33.09 33.6271572875 0.05 33.09
4 34.11 0.25 33.09 33.6271572875 0.05 33.09
4 33.51 0.25 33.09 33.0271572875 0.05 33.09
4 33.51 0.25 33.09 33.0271572875 0.05 33.09
4 32.91 0.25 33.09 32.4271572875 0.05 33.09
4 32.91 0.25 33.09 32.4271572875 0.05 33.09
4 32.31 0.25 33.09 31.8271572875 0.05 33.09
4 32.31 0.25 33.09 31.8271572875 0.05 33.09
4 31.71 0.25 33.09 31.2271572875 0.05 33.09
4 31.71 0.25 33.09 31.2271572875 0.05 33.09
4 31.11 0.25 33.09 30.6271572875 0.05 33.09
4 31.11 0.25 33.09 30.6271572875 0.05 33.09
4 30.51 0.25 33.09 30.0271572875 0.05 33.09
4 30.51 0.25 33.09 30.0271572875 0.05 33.09
4 30.3716252153 0.25 33.2178960247 30.119340591 0.05 33.6295871144
4 30.3716252153 0.25 33.2178960247 30.119340591 0.05 33.6295871144
4 30.4734651698 0.25 33.5381532511 30.5489984112 0.05 34.0150513685
4 30.4734651698 0.25 33.5381532511 30.5489984112 0.05 34.0150513685
4 30.66 0.25 33.39 31.1428427125 0.05 33.39
4 30.66 0.25 33.39 31.1428427125 0.05 33.39
4 31.26 0.25 33.39 31.7428427125 0.05 33.39
4 31.26 0.25 33.39 31.7428427125 0.05 33.39
4 31.86 0.25 33.39 32.3428427125 0.05 33.39
4 31.86 0.25 33.39 32.3428427125 0.05 33.39
4 32.46 0.25 33.39 32.9428427125 0.05 33.39
4 32.46 0.25 33.39 32.9428427125 0.05 33.39
4 33.06 0.25 33.39 33.5428427125 0.05 33.39
4 33.06 0.25 33.39 33.5428427125 0.05 33.39
4 33.66 0.25 33.39 34.1428427125 0.05 33.39
4 33.66 0.25 33.39 34.1428427125 0.05 33.39
4 34.26 0.25 33.39 34.7428427125 0.05 33.39
4 34.26 0.25 33.39 34.7428427125 0.05 33.39
4 34.86 0.25 33.39 35.3428427125 0.05 33.39
4 34.86 0.25 33.39 35.3428427125 0.05 33.39
4 35.46 0.25 33.39 35.9428427125 0.05 33.39
4 35.46 0.25 33.39 35.9428427125 0.05 33.39
4 36.06 0.25 33.39 36.5428427125 0.05 33.39
4 36.06 0.25 33.39 36.5428427125 0.05 33.39
4 36.66 0.25 33.39 37.1428427125 0.05 33.39
4 36.66 0.25 33.39 37.1428427125 0.05 33.39
4 37.26 0.25 33.39 37.7428427125 0.05 33.39
4 37.26 0.25 33.39 37.7428427125 0.05 33.39
4 37.3983747847 0.25 33.5178960247 37.650659409 0.05 33.9295871144
4 37.3983747847 0.25 33.5178960247 37.650659409 0.05 33.9295871144
4 37.2965348302 0.25 33.8381532511 37.2210015888 0.05 34.3150513685
4 37.2965348302 0.25 33.8381532511 37.2210015888 0.05 34.3150513685
4 37.11 0.25 33.69 36.6271572875 0.05 33.69
4 37.11 0.25 33.69 36.6271572875 0.05 33.69
4 36.51 0.25 33.69 36.0271572875 0.05 33.69
4 36.51 0.25 33.69 36.0271572875 0.05 33.69
4 35.91 0.25 33.69 35.4271572875 0.05 33.69
4 35.91 0.25 33.69 35.4271572875 0.05 33.69
4 35.31 0.25 33.69 34.8271572875 0.05 33.69
4 35.31 0.25 33.69 34.8271572875 0.05 33.69
4 34.71 0.25 33.69 34.2271572875 0.05 33.69
4 34.71 0.25 33.69 34.2271572875 0.05 33.69
4 34.11 0.25 33.69 33.6271572875 0.05 33.69
4 34.11 0.25 33.69 33.6271572875 0.05 33.69
4 33.51 0.25 33.69 33.0271572875 0.05 33.69
4 33.51 0.25 33.69 33.0271572875 0.05 33.69
4 32.91 0.25 33.69 32.4271572875 0.05 33.69
4 32.91 0.25 33.69 32.4271572875 0.05 33.69
4 32.31 0.25 33.69 31.8271572875 0.05 33.69
4 32.31 0.25 33.69 31.8271572875 0.05 33.69
4 31.71 0.25 33.69 31.2271572875 0.05 33.69
4 31.71 0.25 33.69 31.2271572875 0.05 33.69
4 31.11 0.25 33.69 30.6271572875 0.05 33.69
4 31.11 0.25 33.69 30.6271572875 0.05 33.69
4 30.51 0.25 33.69 30.0271572875 0.05 33.69
4 30.51 0.25 33.69 30.0271572875 0.05 33.69
4 30.3716252153 0.25 33.8178960247 30.119340591 0.05 34.2295871144
4 30.3716252153 0.25 33.8178960247 30.119340591 0.05 34.2295871144
4 30.4734651698 0.25 34.1381532511 30.5489984112 0.05 34.6150513685
4 30.4734651698 0.25 34.1381532511 30.5489984112 0.05 34.6150513685
4 30.66 0.25 33.99 31.1428427125 0.05 33.99
4 30.66 0.25 33.99 31.1428427125 0.05 33.99
4 31.26 0.25 33.99 31.7428427125 0.05 33.99
4 31.26 0.25 33.99 31.7428427125 0.05 33.99
4 31.86 0.25 33.99 32.3428427125 0.05 33.99
4 31.86 0.25 33.99 32.3428427125 0.05 33.99
4 32.46 0.25 33.99 32.9428427125 0.05 33.99
4 32.46 0.25 33.99 32.9428427125 0.05 33.99
4 33.06 0.25 33.99 33.5428427125 0.05 33.99
4 33.06 0.25 33.99 33.5428427125 0.05 33.99
4 33.66 0.25 33.99 34.1428427125 0.05 33.99
4 33.66 0.25 33.99 34.1428427125 0.05 33.99
4 34.26 0.25 33.99 34.7428427125 0.05 33.99
4 34.26 0.25 33.99 34.7428427125 0.05 33.99
4 34.86 0.25 33.99 35.3428427125 0.05 33.99
4 34.86 0.25 33.99 35.3428427125 0.05 33.99
4 35.46 0.25 33.99 35.9428427125 0.05 33.99
4 35.46 0.25 33.99 35.9428427125 0.05 33.99
4 36.06 0.25 33.99 36.5428427125 0.05 33.99
4 36.06 0.25 33.99 36.5428427125 0.05 33.99
4 36.66 0.25 33.99 37.1428427125 0.05 33.99
4 36.66 0.25 33.99 37.1428427125 0.05 33.99
4 37.26 0.25 33.99 37.7428427125 0.05 33.99
4 37.26 0.25 33.99 37.7428427125 0.05 33.99
4 37.3983747847 0.25 34.1178960247 37.650659409 0.05 34.5295871144
4 37.3983747847 0.25 34.1178960247 37.650659409 0.05 34.5295871144
4 37.2965348302 0.25 34.4381532511 37.2210015888 0.05 34.9150513685
4 37.2965348302 0.25 34.4381532511 37.2210015888 0.05 34.9150513685
4 37.11 0.25 34.29 36.6271572875 0.05 34.29
4 37.11 0.25 34.29 36.6271572875 0.05 34.29
4 36.51 0.25 34.29 36.0271572875 0.05 34.29
4 36.51 0.25 34.29 36.0271572875 0.05 34.29
4 35.91 0.25 34.29 35.4271572875 0.05 34.29
4 35.91 0.25 34.29 35.4271572875 0.05 34.29
4 35.31 0.25 34.29 34.8271572875 0.05 34.29
4 35.31 0.25 34.29 34.8271572875 0.05 34.29
4 34.71 0.25 34.29 34.2271572875 0.05 34.29
4 34.71 0.25 34.29 34.2271572875 0.05 34.29
4 34.11 0.25 34.29 33.6271572875 0.05 34.29
4 34.11 0.25 34.29 33.6271572875 0.05 34.29
4 33.51 0.25 34.29 33.0271572875 0.05 34.29
4 33.51 0.25 34.29 33.0271572875 0.05 34.29
4 32.91 0.25 34.29 32.4271572875 0.05 34.29
4 32.91 0.25 34.29 32.4271572875 0.05 34.29
4 32.31 0.25 34.29 31.8271572875 0.05 34.29
4 32.31 0.25 34.29 31.8271572875 0.05 34.29
4 31.71 0.25 34.29 31.2271572875 0.05 34.29
4 31.71 0.25 34.29 31.2271572875 0.05 34.29
4 31.11 0.25 34.29 30.6271572875 0.05 34.29
4 31.11 0.25 34.29 30.6271572875 0.05 34.29
4 30.51 0.25 34.29 30.0271572875 0.05 34.29
4 30.51 0.25 34.29 30.0271572875 0.05 34.29
4 30.3716252153 0.25 34.4178960247 30.119340591 0.05 34.8295871144
4 30.3716252153 0.25 34.4178960247 30.119340591 0.05 34.8295871144
4 30.4734651698 0.25 34.7381532511 30.5489984112 0.05 35.2150513685
4 30.4734651698 0.25 34.7381532511 30.5489984112 0.05 35.2150513685
4 30.66 0.25 34.59 31.1428427125 0.05 34.59
4 30.66 0.25 34.59 31.1428427125 0.05 34.59
4 31.26 0.25 34.59 31.7428427125 0.05 34.59
4 31.26 0.25 34.59 31.7428427125 0.05 34.59
4 31.86 0.25 34.59 32.3428427125 0.05 34.59
4 31.86 0.25 34.59 32.3428427125 0.05 34.59
4 32.46 0.25 34.59 32.9428427125 0.05 34.59
4 32.46 0.25 34.59 32.9428427125 0.05 34.59
4 33.06 0.25 34.59 33.5428427125 0.05 34.59
4 33.06 0.25 34.59 33.5428427125 0.05 34.59
4 33.66 0.25 34.59 34.1428427125 0.05 34.59
4 33.66 0.25 34.59 34.1428427125 0.05 34.59
4 34.26 0.25 34.59 34.7428427125 0.05 34.59
4 34.26 0.25 34.59 34.7428427125 0.05 34.59
4 34.86 0.25 34.59 35.3428427125 0.05 34.59
4 34.86 0.25 34.59 35.3428427125 0.05 34.59
4 35.46 0.25 34.59 35.9428427125 0.05 34.59
4 35.46 0.25 34.59 35.9428427125 0.05 34.59
4 36.06 0.25 34.59 36.5428427125 0.05 34.59
4 36.06 0.25 34.59 36.5428427125 0.05 34.59
4 36.66 0.25 34.59 37.1428427125 0.05 34.59
4 36.66 0.25 34.59 37.1428427125 0.05 34.59
4 37.26 0.25 34.59 37.7428427125 0.05 34.59
4 37.26 0.25 34.59 37.7428427125 0.05 34.59
4 37.3983747847 0.25 34.7178960247 37.650659409 0.05 35.1295871144
4 37.3983747847 0.25 34.7178960247 37.650659409 0.05 35.1295871144
4 37.2965348302 0.25 35.0381532511 37.2210015888 0.05 35.5150513685
4 37.2965348302 0.25 35.0381532511 37.2210015888 0.05 35.5150513685
4 37.11 0.25 34.89 36.6271572875 0.05 34.89
4 37.11 0.25 34.89 36.6271572875 0.05 34.89
4 36.51 0.25 34.89 36.0271572875 0.05 34.89
4 36.51 0.25 34.89 36.0271572875 0.05 34.89
4 35.91 0.25 34.89 35.4271572875 0.05 34.89
4 35.91 0.25 34.89 35.4271572875 0.05 34.89
4 35.31 0.25 34.89 34.8271572875 0.05 34.89
4 35.31 0.25 34.89 34.8271572875 0.05 34.89
4 34.71 0.25 34.89 34.2271572875 0.05 34.89
4 34.71 0.25 34.89 34.2271572875 0.05 34.89
4 34.11 0.25 34.89 33.6271572875 0.05 34.89
4 34.11 0.25 34.89 33.6271572875 0.05 34.89
4 33.51 0.25 34.89 33.0271572875 0.05 34.89
4 33.51 0.25 34.89 33.0271572875 0.05 34.89
4 32.91 0.25 34.89 32.4271572875 0.05 34.89
4 32.91 0.25 34.89 32.4271572875 0.05 34.89
4 32.31 0.25 34.89 31.8271572875 0.05 34.89
4 32.31 0.25 34.89 31.8271572875 0.05 34.89
4 31.71 0.25 34.89 31.2271572875 0.05 34.89
4 31.71 0.25 34.89 31.2271572875 0.05 34.89
4 31.11 0.25 34.89 30.6271572875 0.05 34.89
4 31.11 0.25 34.89 30.6271572875 0.05 34.89
4 30.51 0.25 34.89 30.0271572875 0.05 34.89
4 30.51 0.25 34.89 30.0271572875 0.05 34.89
4 30.3716252153 0.25 35.0178960247 30.119340591 0.05 35.4295871144
4 30.3716252153 0.25 35.0178960247 30.119340591 0.05 35.4295871144
4 30.4734651698 0.25 35.3381532511 30.5489984112 0.05 35.8150513685
4 30.4734651698 0.25 35.3381532511 30.5489984112 0.05 35.8150513685
4 30.66 0.25 35.19 31.1428427125 0.05 35.19
4 30.66 0.25 35.19 31.1428427125 0.05 35.19
4 31.26 0.25 35.19 31.7428427125 0.05 35.19
4 31.26 0.25 35.19 31.7428427125 0.05 35.19
4 31.86 0.25 35.19 32.3428427125 0.05 35.19
4 31.86 0.25 35.19 32.3428427125 0.05 35.19
4 32.46 0.25 35.19 32.9428427125 0.05 35.19
4 32.46 0.25 35.19 32.9428427125 0.05 35.19
4 33.06 0.25 35.19 33.5428427125 0.05 35.19
4 33.06 0.25 35.19 33.5428427125 0.05 35.19
4 33.66 0.25 35.19 34.1428427125 0.05 35.19
4 33.66 0.25 35.19 34.1428427125 0.05 35.19
4 34.26 0.25 35.19 34.7428427125 0.05 35.19
4 34.26 0.25 35.19 34.7428427125 0.05 35.19
4 34.86 0.25 35.19 35.3428427125 0.05 35.19
4 34.86 0.25 35.19 35.3428427125 0.05 35.19
4 35.46 0.25 35.19 35.9428427125 0.05 35.19
4 35.46 0.25 35.19 35.9428427125 0.05 35.19
4 36.06 0.25 35.19 36.5428427125 0.05 35.19
4 36.06 0.25 35.19 36.5428427125 0.05 35.19
4 36.66 0.25 35.19 37.1428427125 0.05 35.19
4 36.66 0.25 35.19 37.1428427125 0.05 35.19
4 37.26 0.25 35.19 37.7428427125 0.05 35.19
4 37.26 0.25 35.19 37.7428427125 0.05 35.19
4 37.3983747847 0.25 35.3178960247 37.650659409 0.05 35.7295871144
4 37.3983747847 0.25 35.3178960247 37.650659409 0.05 35.7295871144
4 37.2965348302 0.25 35.6381532511 37.2210015888 0.05 36.1150513685
4 37.2965348302 0.25 35.6381532511 37.2210015888 0.05 36.1150513685
4 37.11 0.25 35.49 36.6271572875 0.05 35.49
4 37.11 0.25 35.49 36.6271572875 0.05 35.49
4 36.51 0.25 35.49 36.0271572875 0.05 35.49
4 36.51 0.25 35.49 36.0271572875 0.05 35.49
4 35.91 0.25 35.49 35.4271572875 0.05 35.49
4 35.91 0.25 35.49 35.4271572875 0.05 35.49
4 35.31 0.25 35.49 34.8271572875 0.05 35.49
4 35.31 0.25 35.49 34.8271572875 0.05 35.49
4 34.71 0.25 35.49 34.2271572875 0.05 35.49
4 34.71 0.25 35.49 34.2271572875 0.05 35.49
4 34.11 0.25 35.49 33.6271572875 0.05 35.49
4 34.11 0.25 35.49 33.6271572875 0.05 35.49
4 33.51 0.25 35.49 33.0271572875 0.05 35.49
4 33.51 0.25 35.49 33.0271572875 0.05 35.49
4 32.91 0.25 35.49 32.4271572875 0.05 35.49
4 32.91 0.25 35.49 32.4271572875 0.05 35.49
4 32.31 0.25 35.49 31.8271572875 0.05 35.49
4 32.31 0.25 35.49 31.8271572875 0.05 35.49
4 31.71 0.25 35.49 31.2271572875 0.05 35.49
4 31.71 0.25 35.49 31.2271572875 0.05 35.49
4 31.11 0.25 35.49 30.6271572875 0.05 35.49
4 31.11 0.25 35.49 30.6271572875 0.05 35.49
4 30.51 0.25 35.49 30.0271572875 0.05 35.49
4 30.51 0.25 35.49 30.0271572875 0.05 35.49
4 30.3716252153 0.25 35.6178960247 30.119340591 0.05 36.0295871144
4 30.3716252153 0.25 35.6178960247 30.119340591 0.05 36.0295871144
4 30.4734651698 0.25 35.9381532511 30.5489984112 0.05 36.4150513685
4 30.4734651698 0.25 35.9381532511 30.5489984112 0.05 36.4150513685
4 30.66 0.25 35.79 31.1428427125 0.05 35.79
4 30.66 0.25 35.79 31.1428427125 0.05 35.79
4 31.26 0.25 35.79 31.7428427125 0.05 35.79
4 31.26 0.25 35.79 31.7428427125 0.05 35.79
4 31.86 0.25 35.79 32.3428427125 0.05 35.79
4 31.86 0.25 35.79 32.3428427125 0.05 35.79
4 32.46 0.25 35.79 32.9428427125 0.05 35.79
4 32.46 0.25 35.79 32.9428427125 0.05 35.79
4 33.06 0.25 35.79 33.5428427125 0.05 35.79
4 33.06 0.25 35.79 33.5428427125 0.05 35.79
4 33.66 0.25 35.79 34.1428427125 0.05 35.79
4 33.66 0.25 35.79 34.1428427125 0.05 35.79
4 34.26 0.25 35.79 34.7428427125 0.05 35.79
4 34.26 0.25 35.79 34.7428427125 0.05 35.79
4 34.86 0.25 35.79 35.3428427125 0.05 35.79
4 34.86 0.25 35.79 35.3428427125 0.05 35.79
4 35.46 0.25 35.79 35.9428427125 0.05 35.79
4 35.46 0.25 35.79 35.9428427125 0.05 35.79
4 36.06 0.25 35.79 36.5428427125 0.05 35.79
4 36.06 0.25 35.79 36.5428427125 0.05 35.79
4 36.66 0.25 35.79 37.1428427125 0.05 35.79
4 36.66 0.25 35.79 37.1428427125 0.05 35.79
4 37.26 0.25 35.79 37.7428427125 0.05 35.79
4 37.26 0.25 35.79 37.7428427125 0.05 35.79
4 37.3983747847 0.25 35.9178960247 37.650659409 0.05 36.3295871144
4 37.3983747847 0.25 35.9178960247 37.650659409 0.05 36.3295871144
4 37.2965348302 0.25 36.2381532511 37.2210015888 0.05 36.7150513685
4 37.2965348302 0.25 36.2381532511 37.2210015888 0.05 36.7150513685
4 37.11 0.25 36.09 36.6271572875 0.05 36.09
4 37.11 0.25 36.09 36.6271572875 0.05 36.09
4 36.51 0.25 36.09 36.0271572875 0.05 36.09
4 36.51 0.25 36.09 36.0271572875 0.05 36.09
4 35.91 0.25 36.09 35.4271572875 0.05 36.09
4 35.91 0.25 36.09 35.4271572875 0.05 36.09
4 35.31 0.25 36.09 34.8271572875 0.05 36.09
4 35.31 0.25 36.09 34.8271572875 0.05 36.09
4 34.71 0.25 36.09 34.2271572875 0.05 36.09
4 34.71 0.25 36.09 34.2271572875 0.05 36.09
4 34.11 0.25 36.09 33.6271572875 0.05 36.09
4 34.11 0.25 36.09 33.6271572875 0.05 36.09
4 33.51 0.25 36.09 33.0271572875 0.05 36.09
4 33.51 0.25 36.09 33.0271572875 0.05 36.09
4 32.91 0.25 36.09 32.4271572875 0.05 36.09
4 32.91 0.25 36.09 32.4271572875 0.05 36.09
4 32.31 0.25 36.09 31.8271572875 0.05 36.09
4 32.31 0.25 36.09 31.8271572875 0.05 36.09
4 31.71 0.25 36.09 31.2271572875 0.05 36.09
4 31.71 0.25 36.09 31.2271572875 0.05 36.09
4 31.11 0.25 36.09 30.6271572875 0.05 36.09
4 31.11 0.25 36.09 30.6271572875 0.05 36.09
4 30.51 0.25 36.09 30.0271572875 0.05 36.09
4 30.51 0.25 36.09 30.0271572875 0.05 36.09
4 30.3716252153 0.25 36.2178960247 30.119340591 0.05 36.6295871144
4 30.3716252153 0.25 36.2178960247 30.119340591 0.05 36.6295871144
4 30.4734651698 0.25 36.5381532511 30.5489984112 0.05 37.0150513685
4 30.4734651698 0.25 36.5381532511 30.5489984112 0.05 37.0150513685
4 30.66 0.25 36.39 31.1428427125 0.05 36.39
4 30.66 0.25 36.39 31.1428427125 0.05 36.39
4 31.26 0.25 36.39 31.7428427125 0.05 36.39
4 31.26 0.25 36.39 31.7428427125 0.05 36.39
4 31.86 0.25 36.39 32.3428427125 0.05 36.39
4 31.86 0.25 36.39 32.3428427125 0.05 36.39
4 32.46 0.25 36.39 32.9428427125 0.05 36.39
4 32.46 0.25 36.39 32.9428427125 0.05 36.39
4 33.06 0.25 36.39 33.5428427125 0.05 36.39
4 33.06 0.25 36.39 33.5428427125 0.05 36.39
4 33.66 0.25 36.39 34.1428427125 0.05 36.39
4 33.66 0.25 36.39 34.1428427125 0.05 36.39
4 34.26 0.25 36.39 34.7428427125 0.05 36.39
4 34.26 0.25 36.39 34.7428427125 0.05 36.39
4 34.86 0.25 36.39 35.3428427125 0.05 36.39
4 34.86 0.25 36.39 35.3428427125 0.05 36.39
4 35.46 0.25 36.39 35.9428427125 0.05 36.39
4 35.46 0.25 36.39 35.9428427125 0.05 36.39
4 36.06 0.25 36.39 36.5428427125 0.05 36.39
4 36.06 0.25 36.39 36.5428427125 0.05 36.39
4 36.66 0.25 36.39 37.1428427125 0.05 36.39
4 36.66 0.25 36.39 37.1428427125 0.05 36.39
4 37.26 0.25 36.39 37.7428427125 0.05 36.39
4 37.26 0.25 36.39 37.7428427125 0.05 36.39
4 37.3983747847 0.25 36.5178960247 37.650659409 0.05 36.9295871144
4 37.3983747847 0.25 36.5178960247 37.650659409 0.05 36.9295871144
4 37.2965348302 0.25 36.8381532511 37.2210015888 0.05 37.3150513685
4 37.2965348302 0.25 36.8381532511 37.2210015888 0.05 37.3150513685
4 37.11 0.25 36.69 36.6271572875 0.05 36.69
4 37.11 0.25 36.69 36.6271572875 0.05 36.69
4 36.51 0.25 36.69 36.0271572875 0.05 36.69
4 36.51 0.25 36.69 36.0271572875 0.05 36.69
4 35.91 0.25 36.69 35.4271572875 0.05 36.69
4 35.91 0.25 36.69 35.4271572875 0.05 36.69
4 35.31 0.25 36.69 34.8271572875 0.05 36.69
4 35.31 0.25 36.69 34.8271572875 0.05 36.69
4 34.71 0.25 36.69 34.2271572875 0.05 36.69
4 34.71 0.25 36.69 34.2271572875 0.05 36.69
4 34.11 0.25 36.69 33.6271572875 0.05 36.69
4 34.11 0.25 36.69 33.6271572875 0.05 36.69
4 33.51 0.25 36.69 33.0271572875 0.05 36.69
4 33.51 0.25 36.69 33.0271572875 0.05 36.69
4 32.91 0.25 36.69 32.4271572875 0.05 36.69
4 32.91 0.25 36.69 32.4271572875 0.05 36.69
4 32.31 0.25 36.69 31.8271572875 0.05 36.69
4 32.31 0.25 36.69 31.8271572875 0.05 36.69
4 31.71 0.25 36.69 31.2271572875 0.05 36.69
4 31.71 0.25 36.69 31.2271572875 0.05 36.69
4 31.11 0.25 36.69 30.6271572875 0.05 36.69
4 31.11 0.25 36.69 30.6271572875 0.05 36.69
4 30.51 0.25 36.69 30.0271572875 0.05 36.69
4 30.51 0.25 36.69 30.0271572875 0.05 36.69
4 30.3716252153 0.25 36.8178960247 30.119340591 0.05 37.2295871144
4 30.3716252153 0.25 36.8178960247 30.119340591 0.05 37.2295871144
4 30.4734651698 0.25 37.1381532511 30.5489984112 0.05 37.6150513685
4 30.4734651698 0.25 37.1381532511 30.5489984112 0.05 37.6150513685
4 30.66 0.25 36.99 31.1428427125 0.05 36.99
4 30.66 0.25 36.99 31.1428427125 0.05 36.99
4 31.26 0.25 36.99 31.7428427125 0.05 36.99
4 31.26 0.25 36.99 31.7428427125 0.05 36.99
4 31.86 0.25 36.99 32.3428427125 0.05 36.99
4 31.86 0.25 36.99 32.3428427125 0.05 36.99
4 32.46 0.25 36.99 32.9428427125 0.05 36.99
4 32.46 0.25 36.99 32.9428427125 0.05 36.99
4 33.06 0.25 36.99 33.5428427125 0.05 36.99
4 33.06 0.25 36.99 33.5428427125 0.05 36.99
4 33.66 0.25 36.99 34.1428427125 0.05 36.99
4 33.66 0.25 36.99 34.1428427125 0.05 36.99
4 34.26 0.25 36.99 34.7428427125 0.05 36.99
4 34.26 0.25 36.99 34.7428427125 0.05 36.99
4 34.86 0.25 36.99 35.3428427125 0.05 36.99
4 34.86 0.25 36.99 35.3428427125 0.05 36.99
4 35.46 0.25 36.99 35.9428427125 0.05 36.99
4 35.46 0.25 36.99 35.9428427125 0.05 36.99
4 36.06 0.25 36.99 36.5428427125 0.05 36.99
4 36.06 0.25 36.99 36.5428427125 0.05 36.99
4 36.66 0.25 36.99 37.1428427125 0.05 36.99
4 36.66 0.25 36.99 37.1428427125 0.05 36.99
4 37.26 0.25 36.99 37.7428427125 0.05 36.99
4 37.26 0.25 36.99 37.7428427125 0.05 36.99
4 37.3983747847 0.25 37.1178960247 37.650659409 0.05 37.5295871144
4 37.3983747847 0.25 37.1178960247 37.650659409 0.05 37.5295871144
4 37.2965348302 0.25 37.4381532511 37.2210015888 0.05 37.9150513685
4 37.2965348302 0.25 37.4381532511 37.2210015888 0.05 37.9150513685
4 37.11 0.25 37.29 36.6271572875 0.05 37.29
4 37.11 0.25 37.29 36.6271572875 0.05 37.29
4 36.51 0.25 37.29 36.0271572875 0.05 37.29
4 36.51 0.25 37.29 36.0271572875 0.05 37.29
4 35.91 0.25 37.29 35.4271572875 0.05 37.29
4 35.91 0.25 37.29 35.4271572875 0.05 37.29
4 35.31 0.25 37.29 34.8271572875 0.05 37.29
4 35.31 0.25 37.29 34.8271572875 0.05 37.29
4 34.71 0.25 37.29 34.2271572875 0.05 37.29
4 34.71 0.25 37.29 34.2271572875 0.05 37.29
4 34.11 0.25 37.29 33.6271572875 0.05 37.29
4 34.11 0.25 37.29 33.6271572875 0.05 37.29
4 33.51 0.25 37.29 33.0271572875 0.05 37.29
4 33.51 0.25 37.29 33.0271572875 0.05 37.29
4 32.91 0.25 37.29 32.4271572875 0.05 37.29
4 32.91 0.25 37.29 32.4271572875 0.05 37.29
4 32.31 0.25 37.29 31.8271572875 0.05 37.29
4 32.31 0.25 37.29 31.8271572875 0.05 37.29
4 31.71 0.25 37.29 31.2271572875 0.05 37.29
4 31.71 0.25 37.29 31.2271572875 0.05 37.29
4 31.11 0.25 37.29 30.6271572875 0.05 37.29
4 31.11 0.25 37.29 30.6271572875 0.05 37.29
4 30.51 0.25 37.29 30.0271572875 0.05 37.29
4 30.51 0.25 37.29 30.0271572875 0.05 37.29
4 30.3716252153 0.25 37.4178960247 30.119340591 0.05 37.8295871144
4 30.3716252153 0.25 37.4178960247 30.119340591 0.05 37.8295871144
4 30.5640608948 0.25 37.4174172072 30.9312173739 0.05 37.7309984645
4 30.5640608948 0.25 37.4174172072 30.9312173739 0.05 37.7309984645
4 30.93 0.25 37.32 31.4128427125 0.05 37.32
4 30.93 0.25 37.32 31.4128427125 0.05 37.32
4 31.53 0.25 37.32 32.0128427125 0.05 37.32
4 31.53 0.25 37.32 32.0128427125 0.05 37.32
4 32.13 0.25 37.32 32.6128427125 0.05 37.32
4 32.13 0.25 37.32 32.6128427125 0.05 37.32
4 32.73 0.25 37.32 33.2128427125 0.05 37.32
4 32.73 0.25 37.32 33.2128427125 0.05 37.32
4 33.33 0.25 37.32 33.8128427125 0.05 37.32
4 33.33 0.25 37.32 33.8128427125 0.05 37.32
4 33.93 0.25 37.32 34.4128427125 0.05 37.32
4 33.93 0.25 37.32 34.4128427125 0.05 37.32
4 34.53 0.25 37.32 35.0128427125 0.05 37.32
4 34.53 0.25 37.32 35.0128427125 0.05 37.32
4 35.13 0.25 37.32 35.6128427125 0.05 37.32
4 35.13 0.25 37.32 35.6128427125 0.05 37.32
4 35.73 0.25 37.32 36.2128427125 0.05 37.32
4 35.73 0.25 37.32 36.2128427125 0.05 37.32
4 36.33 0.25 37.32 36.8128427125 0.05 37.32
4 36.33 0.25 37.32 36.8128427125 0.05 37.32
4 36.93 0.25 37.32 37.4128427125 0.05 37.32
4 36.93 0.25 37.32 37.4128427125 0.05 37.32
4 37.4681532511 0.25 37.3434651698 37.9450513685 0.05 37.4189984112
4 37.4681532511 0.25 37.3434651698 37.9450513685 0.05 37.4189984112
