2 PointLight 1.5 1 1 1 41.7699993896 1.95999999046 40.6799975586 0.03
2 PointLight 1.5 1 1 1 42.0099993896 1.95999999046 40.4399975586 0.03
2 PointLight 1.5 1 1 1 42.0099993896 1.95999999046 40.6799975586 0.03
2 PointLight 1.5 1 1 1 41.7699993896 1.95999999046 40.4399975586 0.03
93 PointLight 1.2 1 1 1 41.1637426974 2.16049405722 35.5244781362 0.03
93 PointLight 1.2 1 1 1 41.1607684034 2.15948905722 35.3924361362 0.03
93 PointLight 1.2 1 1 1 41.1634590874 2.16061305722 35.2611169162 0.03
93 PointLight 1.2 1 1 1 41.1628176374 2.16005105722 35.1280741362 0.03
93 PointLight 1.2 1 1 1 41.1604924704 2.15978205722 34.9975911362 0.03
94 PointLight 1.5 1 1 1 38.9099987793 1.95999999046 35.4100009155 0.03
94 PointLight 1.5 1 1 1 39.1499987793 1.95999999046 35.1700009155 0.03
94 PointLight 1.5 1 1 1 39.1499987793 1.95999999046 35.4100009155 0.03
94 PointLight 1.5 1 1 1 38.9099987793 1.95999999046 35.1700009155 0.03
95 SpotLight 3.0 1 1 1 44.73 2.43000006676 35.5499996948 0.04 0.0 0.0 -0.0 0.0 0.04
95 SpotLight 3.0 1 1 1 44.73 2.43000006676 35.5899996948 0.04 0.0 0.0 0.0 0.0 -0.04
95 SpotLight 3.0 1 1 1 44.73 2.43000006676 35.0499996948 0.04 0.0 0.0 -0.0 0.0 0.04
95 SpotLight 3.0 1 1 1 44.73 2.43000006676 35.0899996948 0.04 0.0 0.0 0.0 0.0 -0.04
96 PointLight 1.5 1 1 1 48.4399975586 1.95999999046 35.1600009155 0.03
96 PointLight 1.5 1 1 1 48.6799975586 1.95999999046 34.9200009155 0.03
96 PointLight 1.5 1 1 1 48.6799975586 1.95999999046 35.1600009155 0.03
96 PointLight 1.5 1 1 1 48.4399975586 1.95999999046 34.9200009155 0.03
97 PointLight 1.5 1 1 1 47.0499981689 1.95999999046 42.1999980164 0.03
97 PointLight 1.5 1 1 1 47.2899981689 1.95999999046 41.9599980164 0.03
97 PointLight 1.5 1 1 1 47.2899981689 1.95999999046 42.1999980164 0.03
97 PointLight 1.5 1 1 1 47.0499981689 1.95999999046 41.9599980164 0.03
98 PointLight 1.5 1 1 1 47.0299977112 1.95999999046 38.8900004578 0.03
98 PointLight 1.5 1 1 1 47.2699977112 1.95999999046 38.6500004578 0.03
98 PointLight 1.5 1 1 1 47.2699977112 1.95999999046 38.8900004578 0.03
98 PointLight 1.5 1 1 1 47.0299977112 1.95999999046 38.6500004578 0.03
99 PointLight 1.5 1 1 1 50.6699971008 1.95999999046 40.5099993896 0.03
99 PointLight 1.5 1 1 1 50.9099971008 1.95999999046 40.2699993896 0.03
99 PointLight 1.5 1 1 1 50.9099971008 1.95999999046 40.5099993896 0.03
99 PointLight 1.5 1 1 1 50.6699971008 1.95999999046 40.2699993896 0.03
100 SpotLight 6.0 1 1 1 52.5008733774 2.10455260674 35.6876522123 -0.0168710493562 0.0 0.0362679982025 -0.0248787572831 -0.0291051944153 -0.0115730330552
100 SpotLight 6.0 1 1 1 52.2240023281 2.07544741233 35.6760791792 0.0168710493562 0.0 0.0362679982025 -0.0248787572831 0.0291051944153 0.0115730330552
100 SpotLight 6.0 1 1 1 52.2439189897 2.07544741233 35.4440035488 -0.0362679982025 0.0 0.0168710493562 -0.0115730330552 0.0291051944153 -0.0248787572831
100 SpotLight 6.0 1 1 1 52.4676509915 2.10455260674 35.4191247915 0.0362679982025 0.0 0.0168710493562 -0.0115730330552 -0.0291051944153 0.0248787572831
115 PointLight 6.0 1 1 1 41.7000007629 0.49999999702 23.6000003815 0.03
116 PointLight 6.0 1 1 1 45.0999984741 0.49999999702 23.9200000763 0.03
117 PointLight 6.0 1 1 1 38.3799972534 0.49999999702 26.2999992371 0.03
118 PointLight 6.0 1 1 1 38.5099983215 0.49999999702 29.7999992371 0.03
119 PointLight 6.0 1 1 1 41.4799995422 0.49999999702 32.9099998474 0.03
120 PointLight 6.0 1 1 1 47.2099990845 0.49999999702 32.9500007629 0.03
121 PointLight 6.0 1 1 1 49.0299987793 0.49999999702 25.8299999237 0.03
158 PointLight 1.5 1 1 1 33.88 1.95999999046 34.0799990845 0.03
158 PointLight 1.5 1 1 1 34.12 1.95999999046 33.8399990845 0.03
158 PointLight 1.5 1 1 1 34.12 1.95999999046 34.0799990845 0.03
158 PointLight 1.5 1 1 1 33.88 1.95999999046 33.8399990845 0.03
159 SpotLight 6.0 1 1 1 32.3295263052 2.09056331459 39.0061081993 0.04 0.0 0.0 -0.0 0.0 0.04
159 SpotLight 6.0 1 1 1 31.9905963052 2.09070387959 39.0148940693 0.04 0.0 0.0 -0.0 0.0 0.04
160 SpotLight 6.0 1 1 1 35.7195256948 2.09056331459 39.0961083519 0.04 0.0 0.0 -0.0 0.0 0.04
160 SpotLight 6.0 1 1 1 35.3805956948 2.09070387959 39.1048942219 0.04 0.0 0.0 -0.0 0.0 0.04
161 SpotLight 6.0 1 1 1 35.8095258474 2.09056331459 42.4861077415 0.04 0.0 0.0 -0.0 0.0 0.04
161 SpotLight 6.0 1 1 1 35.4705958474 2.09070387959 42.4948936115 0.04 0.0 0.0 -0.0 0.0 0.04
162 SpotLight 6.0 1 1 1 32.4095281362 2.09056331459 42.4261101829 0.04 0.0 0.0 -0.0 0.0 0.04
162 SpotLight 6.0 1 1 1 32.0705981362 2.09070387959 42.4348960529 0.04 0.0 0.0 -0.0 0.0 0.04
188 PointLight 1.2 1 1 1 49.0962556241 2.16049405722 26.9155243052 0.03
188 PointLight 1.2 1 1 1 49.0992299181 2.15948905722 27.0475663052 0.03
188 PointLight 1.2 1 1 1 49.0965392341 2.16061305722 27.1788855252 0.03
188 PointLight 1.2 1 1 1 49.0971806841 2.16005105722 27.3119283052 0.03
188 PointLight 1.2 1 1 1 49.0995058511 2.15978205722 27.4424113052 0.03
189 SpotLight 6.0 1 1 1 48.7795232534 2.09056331459 24.4961079704 0.04 0.0 0.0 -0.0 0.0 0.04
189 SpotLight 6.0 1 1 1 48.4405932534 2.09070387959 24.5048938404 0.04 0.0 0.0 -0.0 0.0 0.04
211 SpotLight 6.0 1 1 1 40.4069805365 2.09493118506 44.036398654 -0.0282842712475 0.0 0.0282842712475 -0.0256822948548 -0.0167582654825 -0.0256822948548
212 SpotLight 6.0 1 1 1 38.1269817572 2.09493118506 44.036398654 -0.0282842712475 0.0 0.0282842712475 -0.0256822948548 -0.0167582654825 -0.0256822948548
213 PointLight 6.0 1 1 1 40.8112087486 2.05003395232 32.9756564119 0.03
214 PointLight 6.0 1 1 1 37.6512089012 2.05003395232 32.9656542757 0.03
215 SpotLight 3.0 1 1 1 50.0599980164 1.24399605914 33.3799977112 0.04 0.0 0.0 -0.0 0.0 0.04
215 SpotLight 3.0 1 1 1 50.0599980164 1.24399605914 33.4199977112 0.04 0.0 0.0 0.0 0.0 -0.04
216 SpotLight 3.0 1 1 1 52.9299969482 0.917561983311 41.8799977112 0.04 0.0 0.0 -0.0 0.0 0.04
216 SpotLight 3.0 1 1 1 52.9299969482 0.917561983311 41.9199977112 0.04 0.0 0.0 0.0 0.0 -0.04
