#first three elements, eye and last three, lookAt
#frame rate
#shutter_speed
9 51.46 0.25 33.29 51.9428427125 0.05 33.29
9 51.46 0.25 33.29 51.9428427125 0.05 33.29
9 52.06 0.25 33.29 52.5428427125 0.05 33.29
9 52.06 0.25 33.29 52.5428427125 0.05 33.29
9 52.66 0.25 33.29 53.1428427125 0.05 33.29
9 52.66 0.25 33.29 53.1428427125 0.05 33.29
9 53.26 0.25 33.29 53.7428427125 0.05 33.29
9 53.26 0.25 33.29 53.7428427125 0.05 33.29
9 53.11 0.25 33.44 53.11 0.05 33.9228427125
9 53.11 0.25 33.44 53.11 0.05 33.9228427125
9 53.0125827928 0.25 33.7040608948 52.6990015355 0.05 34.0712173739
9 53.0125827928 0.25 33.7040608948 52.6990015355 0.05 34.0712173739
9 52.69 0.25 33.59 52.2071572875 0.05 33.59
9 52.69 0.25 33.59 52.2071572875 0.05 33.59
9 52.09 0.25 33.59 51.6071572875 0.05 33.59
9 52.09 0.25 33.59 51.6071572875 0.05 33.59
9 51.49 0.25 33.59 51.0071572875 0.05 33.59
9 51.49 0.25 33.59 51.0071572875 0.05 33.59
9 51.1221039753 0.25 33.6683747847 50.7104128856 0.05 33.920659409
9 51.1221039753 0.25 33.6683747847 50.7104128856 0.05 33.920659409
9 51.25 0.25 33.95 51.25 0.05 34.4328427125
9 51.25 0.25 33.95 51.25 0.05 34.4328427125
9 51.3926584774 0.25 33.9363525492 51.8518691855 0.05 34.0855591529
9 51.3926584774 0.25 33.9363525492 51.8518691855 0.05 34.0855591529
9 51.88 0.25 33.89 52.3628427125 0.05 33.89
9 51.88 0.25 33.89 52.3628427125 0.05 33.89
9 52.48 0.25 33.89 52.9628427125 0.05 33.89
9 52.48 0.25 33.89 52.9628427125 0.05 33.89
9 53.08 0.25 33.89 53.5628427125 0.05 33.89
9 53.08 0.25 33.89 53.5628427125 0.05 33.89
9 53.178098575 0.25 34.0236509786 53.3973045793 0.05 34.4538669856
9 53.178098575 0.25 34.0236509786 53.3973045793 0.05 34.4538669856
9 53.0749831954 0.25 34.3358554881 52.9622658027 0.05 34.805357218
9 53.0749831954 0.25 34.3358554881 52.9622658027 0.05 34.805357218
9 52.87 0.25 34.19 52.3871572875 0.05 34.19
9 52.87 0.25 34.19 52.3871572875 0.05 34.19
9 52.27 0.25 34.19 51.7871572875 0.05 34.19
9 52.27 0.25 34.19 51.7871572875 0.05 34.19
9 51.67 0.25 34.19 51.1871572875 0.05 34.19
9 51.67 0.25 34.19 51.1871572875 0.05 34.19
9 51.1004623999 0.25 34.2017688644 50.6191081304 0.05 34.239652267
9 51.1004623999 0.25 34.2017688644 50.6191081304 0.05 34.239652267
9 51.25 0.25 34.37 51.25 0.05 34.8528427125
9 51.25 0.25 34.37 51.25 0.05 34.8528427125
9 51.3560660172 0.25 34.5960660172 51.6974873734 0.05 34.9374873734
9 51.3560660172 0.25 34.5960660172 51.6974873734 0.05 34.9374873734
9 51.7 0.25 34.49 52.1828427125 0.05 34.49
9 51.7 0.25 34.49 52.1828427125 0.05 34.49
9 52.3 0.25 34.49 52.7828427125 0.05 34.49
9 52.3 0.25 34.49 52.7828427125 0.05 34.49
9 52.9 0.25 34.49 53.3828427125 0.05 34.49
9 52.9 0.25 34.49 53.3828427125 0.05 34.49
9 53.2313525492 0.25 34.5781677878 53.6219805092 0.05 34.8619756134
9 53.2313525492 0.25 34.5781677878 53.6219805092 0.05 34.8619756134
9 53.11 0.25 34.88 53.11 0.05 35.3628427125
9 53.11 0.25 34.88 53.11 0.05 35.3628427125
9 52.9641445119 0.25 34.8250168046 52.494642782 0.05 34.9377341973
9 52.9641445119 0.25 34.8250168046 52.494642782 0.05 34.9377341973
9 52.45 0.25 34.79 51.9671572875 0.05 34.79
9 52.45 0.25 34.79 51.9671572875 0.05 34.79
9 51.85 0.25 34.79 51.3671572875 0.05 34.79
9 51.85 0.25 34.79 51.3671572875 0.05 34.79
9 51.25 0.25 34.79 50.7671572875 0.05 34.79
9 51.25 0.25 34.79 50.7671572875 0.05 34.79
9 51.1925974851 0.25 34.9285819299 51.0078215786 0.05 35.3746704294
9 51.1925974851 0.25 34.9285819299 51.0078215786 0.05 35.3746704294
9 51.2963525492 0.25 35.2326584774 51.4455591529 0.05 35.6918691855
9 51.2963525492 0.25 35.2326584774 51.4455591529 0.05 35.6918691855
9 51.52 0.25 35.09 52.0028427125 0.05 35.09
9 51.52 0.25 35.09 52.0028427125 0.05 35.09
9 52.12 0.25 35.09 52.6028427125 0.05 35.09
9 52.12 0.25 35.09 52.6028427125 0.05 35.09
9 52.72 0.25 35.09 53.2028427125 0.05 35.09
9 52.72 0.25 35.09 53.2028427125 0.05 35.09
9 53.2581532511 0.25 35.1134651698 53.7350513685 0.05 35.1889984112
9 53.2581532511 0.25 35.1134651698 53.7350513685 0.05 35.1889984112
9 53.11 0.25 35.3 53.11 0.05 35.7828427125
9 53.11 0.25 35.3 53.11 0.05 35.7828427125
9 52.9959391052 0.25 35.4874172072 52.6287826261 0.05 35.8009984645
9 52.9959391052 0.25 35.4874172072 52.6287826261 0.05 35.8009984645
9 52.63 0.25 35.39 52.1471572875 0.05 35.39
9 52.63 0.25 35.39 52.1471572875 0.05 35.39
9 52.03 0.25 35.39 51.5471572875 0.05 35.39
9 52.03 0.25 35.39 51.5471572875 0.05 35.39
9 51.43 0.25 35.39 50.9471572875 0.05 35.39
9 51.43 0.25 35.39 50.9471572875 0.05 35.39
9 51.1359391052 0.25 35.4874172072 50.7687826261 0.05 35.8009984645
9 51.1359391052 0.25 35.4874172072 50.7687826261 0.05 35.8009984645
9 51.25 0.25 35.81 51.25 0.05 36.2928427125
9 51.25 0.25 35.81 51.25 0.05 36.2928427125
9 51.3981532511 0.25 35.7134651698 51.8750513685 0.05 35.7889984112
9 51.3981532511 0.25 35.7134651698 51.8750513685 0.05 35.7889984112
9 51.94 0.25 35.69 52.4228427125 0.05 35.69
9 51.94 0.25 35.69 52.4228427125 0.05 35.69
9 52.54 0.25 35.69 53.0228427125 0.05 35.69
9 52.54 0.25 35.69 53.0228427125 0.05 35.69
9 53.14 0.25 35.69 53.6228427125 0.05 35.69
9 53.14 0.25 35.69 53.6228427125 0.05 35.69
9 53.1563525492 0.25 35.8326584774 53.3055591529 0.05 36.2918691855
9 53.1563525492 0.25 35.8326584774 53.3055591529 0.05 36.2918691855
9 53.0525974851 0.25 36.1285819299 52.8678215786 0.05 36.5746704294
9 53.0525974851 0.25 36.1285819299 52.8678215786 0.05 36.5746704294
9 52.81 0.25 35.99 52.3271572875 0.05 35.99
9 52.81 0.25 35.99 52.3271572875 0.05 35.99
9 52.21 0.25 35.99 51.7271572875 0.05 35.99
9 52.21 0.25 35.99 51.7271572875 0.05 35.99
9 51.61 0.25 35.99 51.1271572875 0.05 35.99
9 51.61 0.25 35.99 51.1271572875 0.05 35.99
9 51.1041445119 0.25 36.0250168046 50.634642782 0.05 36.1377341973
9 51.1041445119 0.25 36.0250168046 50.634642782 0.05 36.1377341973
9 51.25 0.25 36.23 51.25 0.05 36.7128427125
9 51.25 0.25 36.23 51.25 0.05 36.7128427125
9 51.3713525492 0.25 36.3781677878 51.7619805092 0.05 36.6619756134
9 51.3713525492 0.25 36.3781677878 51.7619805092 0.05 36.6619756134
9 51.76 0.25 36.29 52.2428427125 0.05 36.29
9 51.76 0.25 36.29 52.2428427125 0.05 36.29
9 52.36 0.25 36.29 52.8428427125 0.05 36.29
9 52.36 0.25 36.29 52.8428427125 0.05 36.29
9 52.96 0.25 36.29 53.4428427125 0.05 36.29
9 52.96 0.25 36.29 53.4428427125 0.05 36.29
9 53.2160660172 0.25 36.3960660172 53.5574873734 0.05 36.7374873734
9 53.2160660172 0.25 36.3960660172 53.5574873734 0.05 36.7374873734
9 53.11 0.25 36.74 53.11 0.05 37.2228427125
9 53.11 0.25 36.74 53.11 0.05 37.2228427125
9 52.9604623999 0.25 36.6017688644 52.4791081304 0.05 36.639652267
9 52.9604623999 0.25 36.6017688644 52.4791081304 0.05 36.639652267
9 52.39 0.25 36.59 51.9071572875 0.05 36.59
9 52.39 0.25 36.59 51.9071572875 0.05 36.59
9 51.79 0.25 36.59 51.3071572875 0.05 36.59
9 51.79 0.25 36.59 51.3071572875 0.05 36.59
9 51.19 0.25 36.59 50.7071572875 0.05 36.59
9 51.19 0.25 36.59 50.7071572875 0.05 36.59
9 51.2149831954 0.25 36.7358554881 51.1022658027 0.05 37.205357218
9 51.2149831954 0.25 36.7358554881 51.1022658027 0.05 37.205357218
9 51.318098575 0.25 37.0236509786 51.5373045793 0.05 37.4538669856
9 51.318098575 0.25 37.0236509786 51.5373045793 0.05 37.4538669856
9 51.58 0.25 36.89 52.0628427125 0.05 36.89
9 51.58 0.25 36.89 52.0628427125 0.05 36.89
9 52.18 0.25 36.89 52.6628427125 0.05 36.89
9 52.18 0.25 36.89 52.6628427125 0.05 36.89
9 52.78 0.25 36.89 53.2628427125 0.05 36.89
9 52.78 0.25 36.89 53.2628427125 0.05 36.89
9 53.2526584774 0.25 36.9363525492 53.7118691855 0.05 37.0855591529
9 53.2526584774 0.25 36.9363525492 53.7118691855 0.05 37.0855591529
9 53.11 0.25 37.16 53.11 0.05 37.6428427125
9 53.11 0.25 37.16 53.11 0.05 37.6428427125
9 52.9821039753 0.25 37.2683747847 52.5704128856 0.05 37.520659409
9 52.9821039753 0.25 37.2683747847 52.5704128856 0.05 37.520659409
9 52.57 0.25 37.19 52.0871572875 0.05 37.19
9 52.57 0.25 37.19 52.0871572875 0.05 37.19
9 51.97 0.25 37.19 51.4871572875 0.05 37.19
9 51.97 0.25 37.19 51.4871572875 0.05 37.19
9 51.37 0.25 37.19 50.8871572875 0.05 37.19
9 51.37 0.25 37.19 50.8871572875 0.05 37.19
9 51.1525827928 0.25 37.3040608948 50.8390015355 0.05 37.6712173739
9 51.1525827928 0.25 37.3040608948 50.8390015355 0.05 37.6712173739
9 51.3474172072 0.25 37.3340608948 51.6609984645 0.05 37.7012173739
9 51.3474172072 0.25 37.3340608948 51.6609984645 0.05 37.7012173739
9 51.67 0.25 37.22 52.1528427125 0.05 37.22
9 51.67 0.25 37.22 52.1528427125 0.05 37.22
9 52.27 0.25 37.22 52.7528427125 0.05 37.22
9 52.27 0.25 37.22 52.7528427125 0.05 37.22
9 52.87 0.25 37.22 53.3528427125 0.05 37.22
9 52.87 0.25 37.22 53.3528427125 0.05 37.22
9 53.2378960247 0.25 37.2983747847 53.6495871144 0.05 37.550659409
9 53.2378960247 0.25 37.2983747847 53.6495871144 0.05 37.550659409
