#first three elements, eye and last three, lookAt
#frame rate
#shutter_speed
11 46.36 0.25 37.69 46.8428427125 0.05 37.69
11 46.36 0.25 37.69 46.8428427125 0.05 37.69
11 46.96 0.25 37.69 47.4428427125 0.05 37.69
11 46.96 0.25 37.69 47.4428427125 0.05 37.69
11 47.56 0.25 37.69 48.0428427125 0.05 37.69
11 47.56 0.25 37.69 48.0428427125 0.05 37.69
11 48.16 0.25 37.69 48.6428427125 0.05 37.69
11 48.16 0.25 37.69 48.6428427125 0.05 37.69
11 48.01 0.25 37.84 48.01 0.05 38.3228427125
11 48.01 0.25 37.84 48.01 0.05 38.3228427125
11 47.9125827928 0.25 38.1040608948 47.5990015355 0.05 38.4712173739
11 47.9125827928 0.25 38.1040608948 47.5990015355 0.05 38.4712173739
11 47.59 0.25 37.99 47.1071572875 0.05 37.99
11 47.59 0.25 37.99 47.1071572875 0.05 37.99
11 46.99 0.25 37.99 46.5071572875 0.05 37.99
11 46.99 0.25 37.99 46.5071572875 0.05 37.99
11 46.39 0.25 37.99 45.9071572875 0.05 37.99
11 46.39 0.25 37.99 45.9071572875 0.05 37.99
11 46.0221039753 0.25 38.0683747847 45.6104128856 0.05 38.320659409
11 46.0221039753 0.25 38.0683747847 45.6104128856 0.05 38.320659409
11 46.15 0.25 38.35 46.15 0.05 38.8328427125
11 46.15 0.25 38.35 46.15 0.05 38.8328427125
11 46.2926584774 0.25 38.3363525492 46.7518691855 0.05 38.4855591529
11 46.2926584774 0.25 38.3363525492 46.7518691855 0.05 38.4855591529
11 46.78 0.25 38.29 47.2628427125 0.05 38.29
11 46.78 0.25 38.29 47.2628427125 0.05 38.29
11 47.38 0.25 38.29 47.8628427125 0.05 38.29
11 47.38 0.25 38.29 47.8628427125 0.05 38.29
11 47.98 0.25 38.29 48.4628427125 0.05 38.29
11 47.98 0.25 38.29 48.4628427125 0.05 38.29
11 48.078098575 0.25 38.4236509786 48.2973045793 0.05 38.8538669856
11 48.078098575 0.25 38.4236509786 48.2973045793 0.05 38.8538669856
11 47.9749831954 0.25 38.7358554881 47.8622658027 0.05 39.205357218
11 47.9749831954 0.25 38.7358554881 47.8622658027 0.05 39.205357218
11 47.77 0.25 38.59 47.2871572875 0.05 38.59
11 47.77 0.25 38.59 47.2871572875 0.05 38.59
11 47.17 0.25 38.59 46.6871572875 0.05 38.59
11 47.17 0.25 38.59 46.6871572875 0.05 38.59
11 46.57 0.25 38.59 46.0871572875 0.05 38.59
11 46.57 0.25 38.59 46.0871572875 0.05 38.59
11 46.0004623999 0.25 38.6017688644 45.5191081304 0.05 38.639652267
11 46.0004623999 0.25 38.6017688644 45.5191081304 0.05 38.639652267
11 46.15 0.25 38.77 46.15 0.05 39.2528427125
11 46.15 0.25 38.77 46.15 0.05 39.2528427125
11 46.2560660172 0.25 38.9960660172 46.5974873734 0.05 39.3374873734
11 46.2560660172 0.25 38.9960660172 46.5974873734 0.05 39.3374873734
11 46.6 0.25 38.89 47.0828427125 0.05 38.89
11 46.6 0.25 38.89 47.0828427125 0.05 38.89
11 47.2 0.25 38.89 47.6828427125 0.05 38.89
11 47.2 0.25 38.89 47.6828427125 0.05 38.89
11 47.8 0.25 38.89 48.2828427125 0.05 38.89
11 47.8 0.25 38.89 48.2828427125 0.05 38.89
11 48.1313525492 0.25 38.9781677878 48.5219805092 0.05 39.2619756134
11 48.1313525492 0.25 38.9781677878 48.5219805092 0.05 39.2619756134
11 48.01 0.25 39.28 48.01 0.05 39.7628427125
11 48.01 0.25 39.28 48.01 0.05 39.7628427125
11 47.8641445119 0.25 39.2250168046 47.394642782 0.05 39.3377341973
11 47.8641445119 0.25 39.2250168046 47.394642782 0.05 39.3377341973
11 47.35 0.25 39.19 46.8671572875 0.05 39.19
11 47.35 0.25 39.19 46.8671572875 0.05 39.19
11 46.75 0.25 39.19 46.2671572875 0.05 39.19
11 46.75 0.25 39.19 46.2671572875 0.05 39.19
11 46.15 0.25 39.19 45.6671572875 0.05 39.19
11 46.15 0.25 39.19 45.6671572875 0.05 39.19
11 46.0925974851 0.25 39.3285819299 45.9078215786 0.05 39.7746704294
11 46.0925974851 0.25 39.3285819299 45.9078215786 0.05 39.7746704294
11 46.1963525492 0.25 39.6326584774 46.3455591529 0.05 40.0918691855
11 46.1963525492 0.25 39.6326584774 46.3455591529 0.05 40.0918691855
11 46.42 0.25 39.49 46.9028427125 0.05 39.49
11 46.42 0.25 39.49 46.9028427125 0.05 39.49
11 47.02 0.25 39.49 47.5028427125 0.05 39.49
11 47.02 0.25 39.49 47.5028427125 0.05 39.49
11 47.62 0.25 39.49 48.1028427125 0.05 39.49
11 47.62 0.25 39.49 48.1028427125 0.05 39.49
11 48.1581532511 0.25 39.5134651698 48.6350513685 0.05 39.5889984112
11 48.1581532511 0.25 39.5134651698 48.6350513685 0.05 39.5889984112
11 48.01 0.25 39.7 48.01 0.05 40.1828427125
11 48.01 0.25 39.7 48.01 0.05 40.1828427125
11 47.8959391052 0.25 39.8874172072 47.5287826261 0.05 40.2009984645
11 47.8959391052 0.25 39.8874172072 47.5287826261 0.05 40.2009984645
11 47.53 0.25 39.79 47.0471572875 0.05 39.79
11 47.53 0.25 39.79 47.0471572875 0.05 39.79
11 46.93 0.25 39.79 46.4471572875 0.05 39.79
11 46.93 0.25 39.79 46.4471572875 0.05 39.79
11 46.33 0.25 39.79 45.8471572875 0.05 39.79
11 46.33 0.25 39.79 45.8471572875 0.05 39.79
11 46.0359391052 0.25 39.8874172072 45.6687826261 0.05 40.2009984645
11 46.0359391052 0.25 39.8874172072 45.6687826261 0.05 40.2009984645
11 46.15 0.25 40.21 46.15 0.05 40.6928427125
11 46.15 0.25 40.21 46.15 0.05 40.6928427125
11 46.2981532511 0.25 40.1134651698 46.7750513685 0.05 40.1889984112
11 46.2981532511 0.25 40.1134651698 46.7750513685 0.05 40.1889984112
11 46.84 0.25 40.09 47.3228427125 0.05 40.09
11 46.84 0.25 40.09 47.3228427125 0.05 40.09
11 47.44 0.25 40.09 47.9228427125 0.05 40.09
11 47.44 0.25 40.09 47.9228427125 0.05 40.09
11 48.04 0.25 40.09 48.5228427125 0.05 40.09
11 48.04 0.25 40.09 48.5228427125 0.05 40.09
11 48.0563525492 0.25 40.2326584774 48.2055591529 0.05 40.6918691855
11 48.0563525492 0.25 40.2326584774 48.2055591529 0.05 40.6918691855
11 47.9525974851 0.25 40.5285819299 47.7678215786 0.05 40.9746704294
11 47.9525974851 0.25 40.5285819299 47.7678215786 0.05 40.9746704294
11 47.71 0.25 40.39 47.2271572875 0.05 40.39
11 47.71 0.25 40.39 47.2271572875 0.05 40.39
11 47.11 0.25 40.39 46.6271572875 0.05 40.39
11 47.11 0.25 40.39 46.6271572875 0.05 40.39
11 46.51 0.25 40.39 46.0271572875 0.05 40.39
11 46.51 0.25 40.39 46.0271572875 0.05 40.39
11 46.0041445119 0.25 40.4250168046 45.534642782 0.05 40.5377341973
11 46.0041445119 0.25 40.4250168046 45.534642782 0.05 40.5377341973
11 46.15 0.25 40.63 46.15 0.05 41.1128427125
11 46.15 0.25 40.63 46.15 0.05 41.1128427125
11 46.2713525492 0.25 40.7781677878 46.6619805092 0.05 41.0619756134
11 46.2713525492 0.25 40.7781677878 46.6619805092 0.05 41.0619756134
11 46.66 0.25 40.69 47.1428427125 0.05 40.69
11 46.66 0.25 40.69 47.1428427125 0.05 40.69
11 47.26 0.25 40.69 47.7428427125 0.05 40.69
11 47.26 0.25 40.69 47.7428427125 0.05 40.69
11 47.86 0.25 40.69 48.3428427125 0.05 40.69
11 47.86 0.25 40.69 48.3428427125 0.05 40.69
11 48.1160660172 0.25 40.7960660172 48.4574873734 0.05 41.1374873734
11 48.1160660172 0.25 40.7960660172 48.4574873734 0.05 41.1374873734
11 48.01 0.25 41.14 48.01 0.05 41.6228427125
11 48.01 0.25 41.14 48.01 0.05 41.6228427125
11 47.8604623999 0.25 41.0017688644 47.3791081304 0.05 41.039652267
11 47.8604623999 0.25 41.0017688644 47.3791081304 0.05 41.039652267
11 47.29 0.25 40.99 46.8071572875 0.05 40.99
11 47.29 0.25 40.99 46.8071572875 0.05 40.99
11 46.69 0.25 40.99 46.2071572875 0.05 40.99
11 46.69 0.25 40.99 46.2071572875 0.05 40.99
11 46.09 0.25 40.99 45.6071572875 0.05 40.99
11 46.09 0.25 40.99 45.6071572875 0.05 40.99
11 46.1149831954 0.25 41.1358554881 46.0022658027 0.05 41.605357218
11 46.1149831954 0.25 41.1358554881 46.0022658027 0.05 41.605357218
11 46.218098575 0.25 41.4236509786 46.4373045793 0.05 41.8538669856
11 46.218098575 0.25 41.4236509786 46.4373045793 0.05 41.8538669856
11 46.48 0.25 41.29 46.9628427125 0.05 41.29
11 46.48 0.25 41.29 46.9628427125 0.05 41.29
11 47.08 0.25 41.29 47.5628427125 0.05 41.29
11 47.08 0.25 41.29 47.5628427125 0.05 41.29
11 47.68 0.25 41.29 48.1628427125 0.05 41.29
11 47.68 0.25 41.29 48.1628427125 0.05 41.29
11 48.1526584774 0.25 41.3363525492 48.6118691855 0.05 41.4855591529
11 48.1526584774 0.25 41.3363525492 48.6118691855 0.05 41.4855591529
11 48.01 0.25 41.56 48.01 0.05 42.0428427125
11 48.01 0.25 41.56 48.01 0.05 42.0428427125
11 47.8821039753 0.25 41.6683747847 47.4704128856 0.05 41.920659409
11 47.8821039753 0.25 41.6683747847 47.4704128856 0.05 41.920659409
11 47.47 0.25 41.59 46.9871572875 0.05 41.59
11 47.47 0.25 41.59 46.9871572875 0.05 41.59
11 46.87 0.25 41.59 46.3871572875 0.05 41.59
11 46.87 0.25 41.59 46.3871572875 0.05 41.59
11 46.27 0.25 41.59 45.7871572875 0.05 41.59
11 46.27 0.25 41.59 45.7871572875 0.05 41.59
11 46.0525827928 0.25 41.7040608948 45.7390015355 0.05 42.0712173739
11 46.0525827928 0.25 41.7040608948 45.7390015355 0.05 42.0712173739
11 46.15 0.25 42.04 46.15 0.05 42.5228427125
11 46.15 0.25 42.04 46.15 0.05 42.5228427125
11 46.3 0.25 41.89 46.7828427125 0.05 41.89
11 46.3 0.25 41.89 46.7828427125 0.05 41.89
11 46.9 0.25 41.89 47.3828427125 0.05 41.89
11 46.9 0.25 41.89 47.3828427125 0.05 41.89
11 47.5 0.25 41.89 47.9828427125 0.05 41.89
11 47.5 0.25 41.89 47.9828427125 0.05 41.89
11 48.1 0.25 41.89 48.5828427125 0.05 41.89
11 48.1 0.25 41.89 48.5828427125 0.05 41.89
11 48.0334651698 0.25 42.0381532511 48.1089984112 0.05 42.5150513685
11 48.0334651698 0.25 42.0381532511 48.1089984112 0.05 42.5150513685
11 47.9316252153 0.25 42.3178960247 47.679340591 0.05 42.7295871144
11 47.9316252153 0.25 42.3178960247 47.679340591 0.05 42.7295871144
11 47.65 0.25 42.19 47.1671572875 0.05 42.19
11 47.65 0.25 42.19 47.1671572875 0.05 42.19
11 47.05 0.25 42.19 46.5671572875 0.05 42.19
11 47.05 0.25 42.19 46.5671572875 0.05 42.19
11 46.45 0.25 42.19 45.9671572875 0.05 42.19
11 46.45 0.25 42.19 45.9671572875 0.05 42.19
11 46.0114180701 0.25 42.2474025149 45.5653295706 0.05 42.4321784214
11 46.0114180701 0.25 42.2474025149 45.5653295706 0.05 42.4321784214
11 46.15 0.25 42.49 46.15 0.05 42.9728427125
11 46.15 0.25 42.49 46.15 0.05 42.9728427125
11 46.2836509786 0.25 42.558098575 46.7138669856 0.05 42.7773045793
11 46.2836509786 0.25 42.558098575 46.7138669856 0.05 42.7773045793
11 46.72 0.25 42.49 47.2028427125 0.05 42.49
11 46.72 0.25 42.49 47.2028427125 0.05 42.49
11 47.32 0.25 42.49 47.8028427125 0.05 42.49
11 47.32 0.25 42.49 47.8028427125 0.05 42.49
11 47.92 0.25 42.49 48.4028427125 0.05 42.49
11 47.92 0.25 42.49 48.4028427125 0.05 42.49
11 48.0981677878 0.25 42.6113525492 48.3819756134 0.05 43.0019805092
11 48.0981677878 0.25 42.6113525492 48.3819756134 0.05 43.0019805092
11 47.9982311356 0.25 42.9395376001 47.960347733 0.05 43.4208918696
11 47.9982311356 0.25 42.9395376001 47.960347733 0.05 43.4208918696
11 47.83 0.25 42.79 47.3471572875 0.05 42.79
11 47.83 0.25 42.79 47.3471572875 0.05 42.79
11 47.23 0.25 42.79 46.7471572875 0.05 42.79
11 47.23 0.25 42.79 46.7471572875 0.05 42.79
11 46.63 0.25 42.79 46.1471572875 0.05 42.79
11 46.63 0.25 42.79 46.1471572875 0.05 42.79
11 46.03 0.25 42.79 45.5471572875 0.05 42.79
11 46.03 0.25 42.79 45.5471572875 0.05 42.79
11 46.1382311356 0.25 42.9395376001 46.100347733 0.05 43.4208918696
11 46.1382311356 0.25 42.9395376001 46.100347733 0.05 43.4208918696
11 46.2381677878 0.25 43.2113525492 46.5219756134 0.05 43.6019805092
11 46.2381677878 0.25 43.2113525492 46.5219756134 0.05 43.6019805092
11 46.54 0.25 43.09 47.0228427125 0.05 43.09
11 46.54 0.25 43.09 47.0228427125 0.05 43.09
11 47.14 0.25 43.09 47.6228427125 0.05 43.09
11 47.14 0.25 43.09 47.6228427125 0.05 43.09
11 47.74 0.25 43.09 48.2228427125 0.05 43.09
11 47.74 0.25 43.09 48.2228427125 0.05 43.09
11 48.1436509786 0.25 43.158098575 48.5738669856 0.05 43.3773045793
11 48.1436509786 0.25 43.158098575 48.5738669856 0.05 43.3773045793
11 48.01 0.25 43.42 48.01 0.05 43.9028427125
11 48.01 0.25 43.42 48.01 0.05 43.9028427125
11 47.8714180701 0.25 43.4474025149 47.4253295706 0.05 43.6321784214
11 47.8714180701 0.25 43.4474025149 47.4253295706 0.05 43.6321784214
11 47.41 0.25 43.39 46.9271572875 0.05 43.39
11 47.41 0.25 43.39 46.9271572875 0.05 43.39
11 46.81 0.25 43.39 46.3271572875 0.05 43.39
11 46.81 0.25 43.39 46.3271572875 0.05 43.39
11 46.21 0.25 43.39 45.7271572875 0.05 43.39
11 46.21 0.25 43.39 45.7271572875 0.05 43.39
11 46.0716252153 0.25 43.5178960247 45.819340591 0.05 43.9295871144
11 46.0716252153 0.25 43.5178960247 45.819340591 0.05 43.9295871144
11 46.1963525492 0.25 43.7726584774 46.3455591529 0.05 44.2318691855
11 46.1963525492 0.25 43.7726584774 46.3455591529 0.05 44.2318691855
11 46.42 0.25 43.63 46.9028427125 0.05 43.63
11 46.42 0.25 43.63 46.9028427125 0.05 43.63
11 47.02 0.25 43.63 47.5028427125 0.05 43.63
11 47.02 0.25 43.63 47.5028427125 0.05 43.63
11 47.62 0.25 43.63 48.1028427125 0.05 43.63
11 47.62 0.25 43.63 48.1028427125 0.05 43.63
11 48.1581532511 0.25 43.6534651698 48.6350513685 0.05 43.7289984112
11 48.1581532511 0.25 43.6534651698 48.6350513685 0.05 43.7289984112
