#first three elements, eye and last three, lookAt
#frame rate
#shutter_speed
1 48.56 0.25 37.59 49.0428427125 0.05 37.59
1 48.56 0.25 37.59 49.0428427125 0.05 37.59
1 49.16 0.25 37.59 49.6428427125 0.05 37.59
1 49.16 0.25 37.59 49.6428427125 0.05 37.59
1 49.76 0.25 37.59 50.2428427125 0.05 37.59
1 49.76 0.25 37.59 50.2428427125 0.05 37.59
1 50.36 0.25 37.59 50.8428427125 0.05 37.59
1 50.36 0.25 37.59 50.8428427125 0.05 37.59
1 50.96 0.25 37.59 51.4428427125 0.05 37.59
1 50.96 0.25 37.59 51.4428427125 0.05 37.59
1 51.56 0.25 37.59 52.0428427125 0.05 37.59
1 51.56 0.25 37.59 52.0428427125 0.05 37.59
1 52.16 0.25 37.59 52.6428427125 0.05 37.59
1 52.16 0.25 37.59 52.6428427125 0.05 37.59
1 52.76 0.25 37.59 53.2428427125 0.05 37.59
1 52.76 0.25 37.59 53.2428427125 0.05 37.59
1 53.2658554881 0.25 37.6250168046 53.735357218 0.05 37.7377341973
1 53.2658554881 0.25 37.6250168046 53.735357218 0.05 37.7377341973
1 53.12 0.25 37.83 53.12 0.05 38.3128427125
1 53.12 0.25 37.83 53.12 0.05 38.3128427125
1 52.9986474508 0.25 37.9781677878 52.6080194908 0.05 38.2619756134
1 52.9986474508 0.25 37.9781677878 52.6080194908 0.05 38.2619756134
1 52.61 0.25 37.89 52.1271572875 0.05 37.89
1 52.61 0.25 37.89 52.1271572875 0.05 37.89
1 52.01 0.25 37.89 51.5271572875 0.05 37.89
1 52.01 0.25 37.89 51.5271572875 0.05 37.89
1 51.41 0.25 37.89 50.9271572875 0.05 37.89
1 51.41 0.25 37.89 50.9271572875 0.05 37.89
1 50.81 0.25 37.89 50.3271572875 0.05 37.89
1 50.81 0.25 37.89 50.3271572875 0.05 37.89
1 50.21 0.25 37.89 49.7271572875 0.05 37.89
1 50.21 0.25 37.89 49.7271572875 0.05 37.89
1 49.61 0.25 37.89 49.1271572875 0.05 37.89
1 49.61 0.25 37.89 49.1271572875 0.05 37.89
1 49.01 0.25 37.89 48.5271572875 0.05 37.89
1 49.01 0.25 37.89 48.5271572875 0.05 37.89
1 48.41 0.25 37.89 47.9271572875 0.05 37.89
1 48.41 0.25 37.89 47.9271572875 0.05 37.89
1 48.2716252153 0.25 38.0178960247 48.019340591 0.05 38.4295871144
1 48.2716252153 0.25 38.0178960247 48.019340591 0.05 38.4295871144
1 48.3734651698 0.25 38.3381532511 48.4489984112 0.05 38.8150513685
1 48.3734651698 0.25 38.3381532511 48.4489984112 0.05 38.8150513685
1 48.56 0.25 38.19 49.0428427125 0.05 38.19
1 48.56 0.25 38.19 49.0428427125 0.05 38.19
1 49.16 0.25 38.19 49.6428427125 0.05 38.19
1 49.16 0.25 38.19 49.6428427125 0.05 38.19
1 49.76 0.25 38.19 50.2428427125 0.05 38.19
1 49.76 0.25 38.19 50.2428427125 0.05 38.19
1 50.36 0.25 38.19 50.8428427125 0.05 38.19
1 50.36 0.25 38.19 50.8428427125 0.05 38.19
1 50.96 0.25 38.19 51.4428427125 0.05 38.19
1 50.96 0.25 38.19 51.4428427125 0.05 38.19
1 51.56 0.25 38.19 52.0428427125 0.05 38.19
1 51.56 0.25 38.19 52.0428427125 0.05 38.19
1 52.16 0.25 38.19 52.6428427125 0.05 38.19
1 52.16 0.25 38.19 52.6428427125 0.05 38.19
1 52.76 0.25 38.19 53.2428427125 0.05 38.19
1 52.76 0.25 38.19 53.2428427125 0.05 38.19
1 53.2658554881 0.25 38.2250168046 53.735357218 0.05 38.3377341973
1 53.2658554881 0.25 38.2250168046 53.735357218 0.05 38.3377341973
1 53.12 0.25 38.43 53.12 0.05 38.9128427125
1 53.12 0.25 38.43 53.12 0.05 38.9128427125
1 52.9986474508 0.25 38.5781677878 52.6080194908 0.05 38.8619756134
1 52.9986474508 0.25 38.5781677878 52.6080194908 0.05 38.8619756134
1 52.61 0.25 38.49 52.1271572875 0.05 38.49
1 52.61 0.25 38.49 52.1271572875 0.05 38.49
1 52.01 0.25 38.49 51.5271572875 0.05 38.49
1 52.01 0.25 38.49 51.5271572875 0.05 38.49
1 51.41 0.25 38.49 50.9271572875 0.05 38.49
1 51.41 0.25 38.49 50.9271572875 0.05 38.49
1 50.81 0.25 38.49 50.3271572875 0.05 38.49
1 50.81 0.25 38.49 50.3271572875 0.05 38.49
1 50.21 0.25 38.49 49.7271572875 0.05 38.49
1 50.21 0.25 38.49 49.7271572875 0.05 38.49
1 49.61 0.25 38.49 49.1271572875 0.05 38.49
1 49.61 0.25 38.49 49.1271572875 0.05 38.49
1 49.01 0.25 38.49 48.5271572875 0.05 38.49
1 49.01 0.25 38.49 48.5271572875 0.05 38.49
1 48.41 0.25 38.49 47.9271572875 0.05 38.49
1 48.41 0.25 38.49 47.9271572875 0.05 38.49
1 48.2716252153 0.25 38.6178960247 48.019340591 0.05 39.0295871144
1 48.2716252153 0.25 38.6178960247 48.019340591 0.05 39.0295871144
1 48.3734651698 0.25 38.9381532511 48.4489984112 0.05 39.4150513685
1 48.3734651698 0.25 38.9381532511 48.4489984112 0.05 39.4150513685
1 48.56 0.25 38.79 49.0428427125 0.05 38.79
1 48.56 0.25 38.79 49.0428427125 0.05 38.79
1 49.16 0.25 38.79 49.6428427125 0.05 38.79
1 49.16 0.25 38.79 49.6428427125 0.05 38.79
1 49.76 0.25 38.79 50.2428427125 0.05 38.79
1 49.76 0.25 38.79 50.2428427125 0.05 38.79
1 50.36 0.25 38.79 50.8428427125 0.05 38.79
1 50.36 0.25 38.79 50.8428427125 0.05 38.79
1 50.96 0.25 38.79 51.4428427125 0.05 38.79
1 50.96 0.25 38.79 51.4428427125 0.05 38.79
1 51.56 0.25 38.79 52.0428427125 0.05 38.79
1 51.56 0.25 38.79 52.0428427125 0.05 38.79
1 52.16 0.25 38.79 52.6428427125 0.05 38.79
1 52.16 0.25 38.79 52.6428427125 0.05 38.79
1 52.76 0.25 38.79 53.2428427125 0.05 38.79
1 52.76 0.25 38.79 53.2428427125 0.05 38.79
1 53.2658554881 0.25 38.8250168046 53.735357218 0.05 38.9377341973
1 53.2658554881 0.25 38.8250168046 53.735357218 0.05 38.9377341973
1 53.12 0.25 39.03 53.12 0.05 39.5128427125
1 53.12 0.25 39.03 53.12 0.05 39.5128427125
1 52.9986474508 0.25 39.1781677878 52.6080194908 0.05 39.4619756134
1 52.9986474508 0.25 39.1781677878 52.6080194908 0.05 39.4619756134
1 52.61 0.25 39.09 52.1271572875 0.05 39.09
1 52.61 0.25 39.09 52.1271572875 0.05 39.09
1 52.01 0.25 39.09 51.5271572875 0.05 39.09
1 52.01 0.25 39.09 51.5271572875 0.05 39.09
1 51.41 0.25 39.09 50.9271572875 0.05 39.09
1 51.41 0.25 39.09 50.9271572875 0.05 39.09
1 50.81 0.25 39.09 50.3271572875 0.05 39.09
1 50.81 0.25 39.09 50.3271572875 0.05 39.09
1 50.21 0.25 39.09 49.7271572875 0.05 39.09
1 50.21 0.25 39.09 49.7271572875 0.05 39.09
1 49.61 0.25 39.09 49.1271572875 0.05 39.09
1 49.61 0.25 39.09 49.1271572875 0.05 39.09
1 49.01 0.25 39.09 48.5271572875 0.05 39.09
1 49.01 0.25 39.09 48.5271572875 0.05 39.09
1 48.41 0.25 39.09 47.9271572875 0.05 39.09
1 48.41 0.25 39.09 47.9271572875 0.05 39.09
1 48.2716252153 0.25 39.2178960247 48.019340591 0.05 39.6295871144
1 48.2716252153 0.25 39.2178960247 48.019340591 0.05 39.6295871144
1 48.3734651698 0.25 39.5381532511 48.4489984112 0.05 40.0150513685
1 48.3734651698 0.25 39.5381532511 48.4489984112 0.05 40.0150513685
1 48.56 0.25 39.39 49.0428427125 0.05 39.39
1 48.56 0.25 39.39 49.0428427125 0.05 39.39
1 49.16 0.25 39.39 49.6428427125 0.05 39.39
1 49.16 0.25 39.39 49.6428427125 0.05 39.39
1 49.76 0.25 39.39 50.2428427125 0.05 39.39
1 49.76 0.25 39.39 50.2428427125 0.05 39.39
1 50.36 0.25 39.39 50.8428427125 0.05 39.39
1 50.36 0.25 39.39 50.8428427125 0.05 39.39
1 50.96 0.25 39.39 51.4428427125 0.05 39.39
1 50.96 0.25 39.39 51.4428427125 0.05 39.39
1 51.56 0.25 39.39 52.0428427125 0.05 39.39
1 51.56 0.25 39.39 52.0428427125 0.05 39.39
1 52.16 0.25 39.39 52.6428427125 0.05 39.39
1 52.16 0.25 39.39 52.6428427125 0.05 39.39
1 52.76 0.25 39.39 53.2428427125 0.05 39.39
1 52.76 0.25 39.39 53.2428427125 0.05 39.39
1 53.2658554881 0.25 39.4250168046 53.735357218 0.05 39.5377341973
1 53.2658554881 0.25 39.4250168046 53.735357218 0.05 39.5377341973
1 53.12 0.25 39.63 53.12 0.05 40.1128427125
1 53.12 0.25 39.63 53.12 0.05 40.1128427125
1 52.9986474508 0.25 39.7781677878 52.6080194908 0.05 40.0619756134
1 52.9986474508 0.25 39.7781677878 52.6080194908 0.05 40.0619756134
1 52.61 0.25 39.69 52.1271572875 0.05 39.69
1 52.61 0.25 39.69 52.1271572875 0.05 39.69
1 52.01 0.25 39.69 51.5271572875 0.05 39.69
1 52.01 0.25 39.69 51.5271572875 0.05 39.69
1 51.41 0.25 39.69 50.9271572875 0.05 39.69
1 51.41 0.25 39.69 50.9271572875 0.05 39.69
1 50.81 0.25 39.69 50.3271572875 0.05 39.69
1 50.81 0.25 39.69 50.3271572875 0.05 39.69
1 50.21 0.25 39.69 49.7271572875 0.05 39.69
1 50.21 0.25 39.69 49.7271572875 0.05 39.69
1 49.61 0.25 39.69 49.1271572875 0.05 39.69
1 49.61 0.25 39.69 49.1271572875 0.05 39.69
1 49.01 0.25 39.69 48.5271572875 0.05 39.69
1 49.01 0.25 39.69 48.5271572875 0.05 39.69
1 48.41 0.25 39.69 47.9271572875 0.05 39.69
1 48.41 0.25 39.69 47.9271572875 0.05 39.69
1 48.2716252153 0.25 39.8178960247 48.019340591 0.05 40.2295871144
1 48.2716252153 0.25 39.8178960247 48.019340591 0.05 40.2295871144
1 48.3734651698 0.25 40.1381532511 48.4489984112 0.05 40.6150513685
1 48.3734651698 0.25 40.1381532511 48.4489984112 0.05 40.6150513685
1 48.56 0.25 39.99 49.0428427125 0.05 39.99
1 48.56 0.25 39.99 49.0428427125 0.05 39.99
1 49.16 0.25 39.99 49.6428427125 0.05 39.99
1 49.16 0.25 39.99 49.6428427125 0.05 39.99
1 49.76 0.25 39.99 50.2428427125 0.05 39.99
1 49.76 0.25 39.99 50.2428427125 0.05 39.99
1 50.36 0.25 39.99 50.8428427125 0.05 39.99
1 50.36 0.25 39.99 50.8428427125 0.05 39.99
1 50.96 0.25 39.99 51.4428427125 0.05 39.99
1 50.96 0.25 39.99 51.4428427125 0.05 39.99
1 51.56 0.25 39.99 52.0428427125 0.05 39.99
1 51.56 0.25 39.99 52.0428427125 0.05 39.99
1 52.16 0.25 39.99 52.6428427125 0.05 39.99
1 52.16 0.25 39.99 52.6428427125 0.05 39.99
1 52.76 0.25 39.99 53.2428427125 0.05 39.99
1 52.76 0.25 39.99 53.2428427125 0.05 39.99
1 53.2658554881 0.25 40.0250168046 53.735357218 0.05 40.1377341973
1 53.2658554881 0.25 40.0250168046 53.735357218 0.05 40.1377341973
1 53.12 0.25 40.23 53.12 0.05 40.7128427125
1 53.12 0.25 40.23 53.12 0.05 40.7128427125
1 52.9986474508 0.25 40.3781677878 52.6080194908 0.05 40.6619756134
1 52.9986474508 0.25 40.3781677878 52.6080194908 0.05 40.6619756134
1 52.61 0.25 40.29 52.1271572875 0.05 40.29
1 52.61 0.25 40.29 52.1271572875 0.05 40.29
1 52.01 0.25 40.29 51.5271572875 0.05 40.29
1 52.01 0.25 40.29 51.5271572875 0.05 40.29
1 51.41 0.25 40.29 50.9271572875 0.05 40.29
1 51.41 0.25 40.29 50.9271572875 0.05 40.29
1 50.81 0.25 40.29 50.3271572875 0.05 40.29
1 50.81 0.25 40.29 50.3271572875 0.05 40.29
1 50.21 0.25 40.29 49.7271572875 0.05 40.29
1 50.21 0.25 40.29 49.7271572875 0.05 40.29
1 49.61 0.25 40.29 49.1271572875 0.05 40.29
1 49.61 0.25 40.29 49.1271572875 0.05 40.29
1 49.01 0.25 40.29 48.5271572875 0.05 40.29
1 49.01 0.25 40.29 48.5271572875 0.05 40.29
1 48.41 0.25 40.29 47.9271572875 0.05 40.29
1 48.41 0.25 40.29 47.9271572875 0.05 40.29
1 48.2716252153 0.25 40.4178960247 48.019340591 0.05 40.8295871144
1 48.2716252153 0.25 40.4178960247 48.019340591 0.05 40.8295871144
1 48.3734651698 0.25 40.7381532511 48.4489984112 0.05 41.2150513685
1 48.3734651698 0.25 40.7381532511 48.4489984112 0.05 41.2150513685
1 48.56 0.25 40.59 49.0428427125 0.05 40.59
1 48.56 0.25 40.59 49.0428427125 0.05 40.59
1 49.16 0.25 40.59 49.6428427125 0.05 40.59
1 49.16 0.25 40.59 49.6428427125 0.05 40.59
1 49.76 0.25 40.59 50.2428427125 0.05 40.59
1 49.76 0.25 40.59 50.2428427125 0.05 40.59
1 50.36 0.25 40.59 50.8428427125 0.05 40.59
1 50.36 0.25 40.59 50.8428427125 0.05 40.59
1 50.96 0.25 40.59 51.4428427125 0.05 40.59
1 50.96 0.25 40.59 51.4428427125 0.05 40.59
1 51.56 0.25 40.59 52.0428427125 0.05 40.59
1 51.56 0.25 40.59 52.0428427125 0.05 40.59
1 52.16 0.25 40.59 52.6428427125 0.05 40.59
1 52.16 0.25 40.59 52.6428427125 0.05 40.59
1 52.76 0.25 40.59 53.2428427125 0.05 40.59
1 52.76 0.25 40.59 53.2428427125 0.05 40.59
1 53.2658554881 0.25 40.6250168046 53.735357218 0.05 40.7377341973
1 53.2658554881 0.25 40.6250168046 53.735357218 0.05 40.7377341973
1 53.12 0.25 40.83 53.12 0.05 41.3128427125
1 53.12 0.25 40.83 53.12 0.05 41.3128427125
1 52.9986474508 0.25 40.9781677878 52.6080194908 0.05 41.2619756134
1 52.9986474508 0.25 40.9781677878 52.6080194908 0.05 41.2619756134
1 52.61 0.25 40.89 52.1271572875 0.05 40.89
1 52.61 0.25 40.89 52.1271572875 0.05 40.89
1 52.01 0.25 40.89 51.5271572875 0.05 40.89
1 52.01 0.25 40.89 51.5271572875 0.05 40.89
1 51.41 0.25 40.89 50.9271572875 0.05 40.89
1 51.41 0.25 40.89 50.9271572875 0.05 40.89
1 50.81 0.25 40.89 50.3271572875 0.05 40.89
1 50.81 0.25 40.89 50.3271572875 0.05 40.89
1 50.21 0.25 40.89 49.7271572875 0.05 40.89
1 50.21 0.25 40.89 49.7271572875 0.05 40.89
1 49.61 0.25 40.89 49.1271572875 0.05 40.89
1 49.61 0.25 40.89 49.1271572875 0.05 40.89
1 49.01 0.25 40.89 48.5271572875 0.05 40.89
1 49.01 0.25 40.89 48.5271572875 0.05 40.89
1 48.41 0.25 40.89 47.9271572875 0.05 40.89
1 48.41 0.25 40.89 47.9271572875 0.05 40.89
1 48.2716252153 0.25 41.0178960247 48.019340591 0.05 41.4295871144
1 48.2716252153 0.25 41.0178960247 48.019340591 0.05 41.4295871144
1 48.3734651698 0.25 41.3381532511 48.4489984112 0.05 41.8150513685
1 48.3734651698 0.25 41.3381532511 48.4489984112 0.05 41.8150513685
1 48.56 0.25 41.19 49.0428427125 0.05 41.19
1 48.56 0.25 41.19 49.0428427125 0.05 41.19
1 49.16 0.25 41.19 49.6428427125 0.05 41.19
1 49.16 0.25 41.19 49.6428427125 0.05 41.19
1 49.76 0.25 41.19 50.2428427125 0.05 41.19
1 49.76 0.25 41.19 50.2428427125 0.05 41.19
1 50.36 0.25 41.19 50.8428427125 0.05 41.19
1 50.36 0.25 41.19 50.8428427125 0.05 41.19
1 50.96 0.25 41.19 51.4428427125 0.05 41.19
1 50.96 0.25 41.19 51.4428427125 0.05 41.19
1 51.56 0.25 41.19 52.0428427125 0.05 41.19
1 51.56 0.25 41.19 52.0428427125 0.05 41.19
1 52.16 0.25 41.19 52.6428427125 0.05 41.19
1 52.16 0.25 41.19 52.6428427125 0.05 41.19
1 52.76 0.25 41.19 53.2428427125 0.05 41.19
1 52.76 0.25 41.19 53.2428427125 0.05 41.19
1 53.2658554881 0.25 41.2250168046 53.735357218 0.05 41.3377341973
1 53.2658554881 0.25 41.2250168046 53.735357218 0.05 41.3377341973
1 53.12 0.25 41.43 53.12 0.05 41.9128427125
1 53.12 0.25 41.43 53.12 0.05 41.9128427125
1 52.9986474508 0.25 41.5781677878 52.6080194908 0.05 41.8619756134
1 52.9986474508 0.25 41.5781677878 52.6080194908 0.05 41.8619756134
1 52.61 0.25 41.49 52.1271572875 0.05 41.49
1 52.61 0.25 41.49 52.1271572875 0.05 41.49
1 52.01 0.25 41.49 51.5271572875 0.05 41.49
1 52.01 0.25 41.49 51.5271572875 0.05 41.49
1 51.41 0.25 41.49 50.9271572875 0.05 41.49
1 51.41 0.25 41.49 50.9271572875 0.05 41.49
1 50.81 0.25 41.49 50.3271572875 0.05 41.49
1 50.81 0.25 41.49 50.3271572875 0.05 41.49
1 50.21 0.25 41.49 49.7271572875 0.05 41.49
1 50.21 0.25 41.49 49.7271572875 0.05 41.49
1 49.61 0.25 41.49 49.1271572875 0.05 41.49
1 49.61 0.25 41.49 49.1271572875 0.05 41.49
1 49.01 0.25 41.49 48.5271572875 0.05 41.49
1 49.01 0.25 41.49 48.5271572875 0.05 41.49
1 48.41 0.25 41.49 47.9271572875 0.05 41.49
1 48.41 0.25 41.49 47.9271572875 0.05 41.49
1 48.2716252153 0.25 41.6178960247 48.019340591 0.05 42.0295871144
1 48.2716252153 0.25 41.6178960247 48.019340591 0.05 42.0295871144
1 48.3734651698 0.25 41.9381532511 48.4489984112 0.05 42.4150513685
1 48.3734651698 0.25 41.9381532511 48.4489984112 0.05 42.4150513685
1 48.56 0.25 41.79 49.0428427125 0.05 41.79
1 48.56 0.25 41.79 49.0428427125 0.05 41.79
1 49.16 0.25 41.79 49.6428427125 0.05 41.79
1 49.16 0.25 41.79 49.6428427125 0.05 41.79
1 49.76 0.25 41.79 50.2428427125 0.05 41.79
1 49.76 0.25 41.79 50.2428427125 0.05 41.79
1 50.36 0.25 41.79 50.8428427125 0.05 41.79
1 50.36 0.25 41.79 50.8428427125 0.05 41.79
1 50.96 0.25 41.79 51.4428427125 0.05 41.79
1 50.96 0.25 41.79 51.4428427125 0.05 41.79
1 51.56 0.25 41.79 52.0428427125 0.05 41.79
1 51.56 0.25 41.79 52.0428427125 0.05 41.79
1 52.16 0.25 41.79 52.6428427125 0.05 41.79
1 52.16 0.25 41.79 52.6428427125 0.05 41.79
1 52.76 0.25 41.79 53.2428427125 0.05 41.79
1 52.76 0.25 41.79 53.2428427125 0.05 41.79
1 53.2658554881 0.25 41.8250168046 53.735357218 0.05 41.9377341973
1 53.2658554881 0.25 41.8250168046 53.735357218 0.05 41.9377341973
1 53.12 0.25 42.03 53.12 0.05 42.5128427125
1 53.12 0.25 42.03 53.12 0.05 42.5128427125
1 52.9986474508 0.25 42.1781677878 52.6080194908 0.05 42.4619756134
1 52.9986474508 0.25 42.1781677878 52.6080194908 0.05 42.4619756134
1 52.61 0.25 42.09 52.1271572875 0.05 42.09
1 52.61 0.25 42.09 52.1271572875 0.05 42.09
1 52.01 0.25 42.09 51.5271572875 0.05 42.09
1 52.01 0.25 42.09 51.5271572875 0.05 42.09
1 51.41 0.25 42.09 50.9271572875 0.05 42.09
1 51.41 0.25 42.09 50.9271572875 0.05 42.09
1 50.81 0.25 42.09 50.3271572875 0.05 42.09
1 50.81 0.25 42.09 50.3271572875 0.05 42.09
1 50.21 0.25 42.09 49.7271572875 0.05 42.09
1 50.21 0.25 42.09 49.7271572875 0.05 42.09
1 49.61 0.25 42.09 49.1271572875 0.05 42.09
1 49.61 0.25 42.09 49.1271572875 0.05 42.09
1 49.01 0.25 42.09 48.5271572875 0.05 42.09
1 49.01 0.25 42.09 48.5271572875 0.05 42.09
1 48.41 0.25 42.09 47.9271572875 0.05 42.09
1 48.41 0.25 42.09 47.9271572875 0.05 42.09
1 48.2716252153 0.25 42.2178960247 48.019340591 0.05 42.6295871144
1 48.2716252153 0.25 42.2178960247 48.019340591 0.05 42.6295871144
1 48.3734651698 0.25 42.5381532511 48.4489984112 0.05 43.0150513685
1 48.3734651698 0.25 42.5381532511 48.4489984112 0.05 43.0150513685
1 48.56 0.25 42.39 49.0428427125 0.05 42.39
1 48.56 0.25 42.39 49.0428427125 0.05 42.39
1 49.16 0.25 42.39 49.6428427125 0.05 42.39
1 49.16 0.25 42.39 49.6428427125 0.05 42.39
1 49.76 0.25 42.39 50.2428427125 0.05 42.39
1 49.76 0.25 42.39 50.2428427125 0.05 42.39
1 50.36 0.25 42.39 50.8428427125 0.05 42.39
1 50.36 0.25 42.39 50.8428427125 0.05 42.39
1 50.96 0.25 42.39 51.4428427125 0.05 42.39
1 50.96 0.25 42.39 51.4428427125 0.05 42.39
1 51.56 0.25 42.39 52.0428427125 0.05 42.39
1 51.56 0.25 42.39 52.0428427125 0.05 42.39
1 52.16 0.25 42.39 52.6428427125 0.05 42.39
1 52.16 0.25 42.39 52.6428427125 0.05 42.39
1 52.76 0.25 42.39 53.2428427125 0.05 42.39
1 52.76 0.25 42.39 53.2428427125 0.05 42.39
1 53.2658554881 0.25 42.4250168046 53.735357218 0.05 42.5377341973
1 53.2658554881 0.25 42.4250168046 53.735357218 0.05 42.5377341973
1 53.12 0.25 42.63 53.12 0.05 43.1128427125
1 53.12 0.25 42.63 53.12 0.05 43.1128427125
1 52.9986474508 0.25 42.7781677878 52.6080194908 0.05 43.0619756134
1 52.9986474508 0.25 42.7781677878 52.6080194908 0.05 43.0619756134
1 52.61 0.25 42.69 52.1271572875 0.05 42.69
1 52.61 0.25 42.69 52.1271572875 0.05 42.69
1 52.01 0.25 42.69 51.5271572875 0.05 42.69
1 52.01 0.25 42.69 51.5271572875 0.05 42.69
1 51.41 0.25 42.69 50.9271572875 0.05 42.69
1 51.41 0.25 42.69 50.9271572875 0.05 42.69
1 50.81 0.25 42.69 50.3271572875 0.05 42.69
1 50.81 0.25 42.69 50.3271572875 0.05 42.69
1 50.21 0.25 42.69 49.7271572875 0.05 42.69
1 50.21 0.25 42.69 49.7271572875 0.05 42.69
1 49.61 0.25 42.69 49.1271572875 0.05 42.69
1 49.61 0.25 42.69 49.1271572875 0.05 42.69
1 49.01 0.25 42.69 48.5271572875 0.05 42.69
1 49.01 0.25 42.69 48.5271572875 0.05 42.69
1 48.41 0.25 42.69 47.9271572875 0.05 42.69
1 48.41 0.25 42.69 47.9271572875 0.05 42.69
1 48.2716252153 0.25 42.8178960247 48.019340591 0.05 43.2295871144
1 48.2716252153 0.25 42.8178960247 48.019340591 0.05 43.2295871144
1 48.3734651698 0.25 43.1381532511 48.4489984112 0.05 43.6150513685
1 48.3734651698 0.25 43.1381532511 48.4489984112 0.05 43.6150513685
1 48.56 0.25 42.99 49.0428427125 0.05 42.99
1 48.56 0.25 42.99 49.0428427125 0.05 42.99
1 49.16 0.25 42.99 49.6428427125 0.05 42.99
1 49.16 0.25 42.99 49.6428427125 0.05 42.99
1 49.76 0.25 42.99 50.2428427125 0.05 42.99
1 49.76 0.25 42.99 50.2428427125 0.05 42.99
1 50.36 0.25 42.99 50.8428427125 0.05 42.99
1 50.36 0.25 42.99 50.8428427125 0.05 42.99
1 50.96 0.25 42.99 51.4428427125 0.05 42.99
1 50.96 0.25 42.99 51.4428427125 0.05 42.99
1 51.56 0.25 42.99 52.0428427125 0.05 42.99
1 51.56 0.25 42.99 52.0428427125 0.05 42.99
1 52.16 0.25 42.99 52.6428427125 0.05 42.99
1 52.16 0.25 42.99 52.6428427125 0.05 42.99
1 52.76 0.25 42.99 53.2428427125 0.05 42.99
1 52.76 0.25 42.99 53.2428427125 0.05 42.99
1 53.2658554881 0.25 43.0250168046 53.735357218 0.05 43.1377341973
1 53.2658554881 0.25 43.0250168046 53.735357218 0.05 43.1377341973
1 53.12 0.25 43.23 53.12 0.05 43.7128427125
1 53.12 0.25 43.23 53.12 0.05 43.7128427125
1 52.9986474508 0.25 43.3781677878 52.6080194908 0.05 43.6619756134
1 52.9986474508 0.25 43.3781677878 52.6080194908 0.05 43.6619756134
1 52.61 0.25 43.29 52.1271572875 0.05 43.29
1 52.61 0.25 43.29 52.1271572875 0.05 43.29
1 52.01 0.25 43.29 51.5271572875 0.05 43.29
1 52.01 0.25 43.29 51.5271572875 0.05 43.29
1 51.41 0.25 43.29 50.9271572875 0.05 43.29
1 51.41 0.25 43.29 50.9271572875 0.05 43.29
1 50.81 0.25 43.29 50.3271572875 0.05 43.29
1 50.81 0.25 43.29 50.3271572875 0.05 43.29
1 50.21 0.25 43.29 49.7271572875 0.05 43.29
1 50.21 0.25 43.29 49.7271572875 0.05 43.29
1 49.61 0.25 43.29 49.1271572875 0.05 43.29
1 49.61 0.25 43.29 49.1271572875 0.05 43.29
1 49.01 0.25 43.29 48.5271572875 0.05 43.29
1 49.01 0.25 43.29 48.5271572875 0.05 43.29
1 48.41 0.25 43.29 47.9271572875 0.05 43.29
1 48.41 0.25 43.29 47.9271572875 0.05 43.29
1 48.2716252153 0.25 43.4178960247 48.019340591 0.05 43.8295871144
1 48.2716252153 0.25 43.4178960247 48.019340591 0.05 43.8295871144
1 48.3734651698 0.25 43.7381532511 48.4489984112 0.05 44.2150513685
1 48.3734651698 0.25 43.7381532511 48.4489984112 0.05 44.2150513685
1 48.56 0.25 43.59 49.0428427125 0.05 43.59
1 48.56 0.25 43.59 49.0428427125 0.05 43.59
1 49.16 0.25 43.59 49.6428427125 0.05 43.59
1 49.16 0.25 43.59 49.6428427125 0.05 43.59
1 49.76 0.25 43.59 50.2428427125 0.05 43.59
1 49.76 0.25 43.59 50.2428427125 0.05 43.59
1 50.36 0.25 43.59 50.8428427125 0.05 43.59
1 50.36 0.25 43.59 50.8428427125 0.05 43.59
1 50.96 0.25 43.59 51.4428427125 0.05 43.59
1 50.96 0.25 43.59 51.4428427125 0.05 43.59
1 51.56 0.25 43.59 52.0428427125 0.05 43.59
1 51.56 0.25 43.59 52.0428427125 0.05 43.59
1 52.16 0.25 43.59 52.6428427125 0.05 43.59
1 52.16 0.25 43.59 52.6428427125 0.05 43.59
1 52.76 0.25 43.59 53.2428427125 0.05 43.59
1 52.76 0.25 43.59 53.2428427125 0.05 43.59
1 53.2658554881 0.25 43.6250168046 53.735357218 0.05 43.7377341973
1 53.2658554881 0.25 43.6250168046 53.735357218 0.05 43.7377341973
1 53.1082311356 0.25 43.7695376001 53.070347733 0.05 44.2508918696
1 53.1082311356 0.25 43.7695376001 53.070347733 0.05 44.2508918696
1 52.94 0.25 43.62 52.4571572875 0.05 43.62
1 52.94 0.25 43.62 52.4571572875 0.05 43.62
1 52.34 0.25 43.62 51.8571572875 0.05 43.62
1 52.34 0.25 43.62 51.8571572875 0.05 43.62
1 51.74 0.25 43.62 51.2571572875 0.05 43.62
1 51.74 0.25 43.62 51.2571572875 0.05 43.62
1 51.14 0.25 43.62 50.6571572875 0.05 43.62
1 51.14 0.25 43.62 50.6571572875 0.05 43.62
1 50.54 0.25 43.62 50.0571572875 0.05 43.62
1 50.54 0.25 43.62 50.0571572875 0.05 43.62
1 49.94 0.25 43.62 49.4571572875 0.05 43.62
1 49.94 0.25 43.62 49.4571572875 0.05 43.62
1 49.34 0.25 43.62 48.8571572875 0.05 43.62
1 49.34 0.25 43.62 48.8571572875 0.05 43.62
1 48.74 0.25 43.62 48.2571572875 0.05 43.62
1 48.74 0.25 43.62 48.2571572875 0.05 43.62
1 48.2018467489 0.25 43.6434651698 47.7249486315 0.05 43.7189984112
1 48.2018467489 0.25 43.6434651698 47.7249486315 0.05 43.7189984112
