#first three elements, eye and last three, lookAt
#frame rate
#shutter_speed
2 43.56 0.25 33.29 44.0428427125 0.05 33.29
2 43.56 0.25 33.29 44.0428427125 0.05 33.29
2 44.16 0.25 33.29 44.6428427125 0.05 33.29
2 44.16 0.25 33.29 44.6428427125 0.05 33.29
2 44.76 0.25 33.29 45.2428427125 0.05 33.29
2 44.76 0.25 33.29 45.2428427125 0.05 33.29
2 45.36 0.25 33.29 45.8428427125 0.05 33.29
2 45.36 0.25 33.29 45.8428427125 0.05 33.29
2 45.96 0.25 33.29 46.4428427125 0.05 33.29
2 45.96 0.25 33.29 46.4428427125 0.05 33.29
2 45.81 0.25 33.44 45.81 0.05 33.9228427125
2 45.81 0.25 33.44 45.81 0.05 33.9228427125
2 45.7125827928 0.25 33.7040608948 45.3990015355 0.05 34.0712173739
2 45.7125827928 0.25 33.7040608948 45.3990015355 0.05 34.0712173739
2 45.39 0.25 33.59 44.9071572875 0.05 33.59
2 45.39 0.25 33.59 44.9071572875 0.05 33.59
2 44.79 0.25 33.59 44.3071572875 0.05 33.59
2 44.79 0.25 33.59 44.3071572875 0.05 33.59
2 44.19 0.25 33.59 43.7071572875 0.05 33.59
2 44.19 0.25 33.59 43.7071572875 0.05 33.59
2 43.59 0.25 33.59 43.1071572875 0.05 33.59
2 43.59 0.25 33.59 43.1071572875 0.05 33.59
2 43.2221039753 0.25 33.6683747847 42.8104128856 0.05 33.920659409
2 43.2221039753 0.25 33.6683747847 42.8104128856 0.05 33.920659409
2 43.35 0.25 33.95 43.35 0.05 34.4328427125
2 43.35 0.25 33.95 43.35 0.05 34.4328427125
2 43.4926584774 0.25 33.9363525492 43.9518691855 0.05 34.0855591529
2 43.4926584774 0.25 33.9363525492 43.9518691855 0.05 34.0855591529
2 43.98 0.25 33.89 44.4628427125 0.05 33.89
2 43.98 0.25 33.89 44.4628427125 0.05 33.89
2 44.58 0.25 33.89 45.0628427125 0.05 33.89
2 44.58 0.25 33.89 45.0628427125 0.05 33.89
2 45.18 0.25 33.89 45.6628427125 0.05 33.89
2 45.18 0.25 33.89 45.6628427125 0.05 33.89
2 45.78 0.25 33.89 46.2628427125 0.05 33.89
2 45.78 0.25 33.89 46.2628427125 0.05 33.89
2 45.878098575 0.25 34.0236509786 46.0973045793 0.05 34.4538669856
2 45.878098575 0.25 34.0236509786 46.0973045793 0.05 34.4538669856
2 45.7749831954 0.25 34.3358554881 45.6622658027 0.05 34.805357218
2 45.7749831954 0.25 34.3358554881 45.6622658027 0.05 34.805357218
2 45.57 0.25 34.19 45.0871572875 0.05 34.19
2 45.57 0.25 34.19 45.0871572875 0.05 34.19
2 44.97 0.25 34.19 44.4871572875 0.05 34.19
2 44.97 0.25 34.19 44.4871572875 0.05 34.19
2 44.37 0.25 34.19 43.8871572875 0.05 34.19
2 44.37 0.25 34.19 43.8871572875 0.05 34.19
2 43.77 0.25 34.19 43.2871572875 0.05 34.19
2 43.77 0.25 34.19 43.2871572875 0.05 34.19
2 43.2004623999 0.25 34.2017688644 42.7191081304 0.05 34.239652267
2 43.2004623999 0.25 34.2017688644 42.7191081304 0.05 34.239652267
2 43.35 0.25 34.37 43.35 0.05 34.8528427125
2 43.35 0.25 34.37 43.35 0.05 34.8528427125
2 43.4560660172 0.25 34.5960660172 43.7974873734 0.05 34.9374873734
2 43.4560660172 0.25 34.5960660172 43.7974873734 0.05 34.9374873734
2 43.8 0.25 34.49 44.2828427125 0.05 34.49
2 43.8 0.25 34.49 44.2828427125 0.05 34.49
2 44.4 0.25 34.49 44.8828427125 0.05 34.49
2 44.4 0.25 34.49 44.8828427125 0.05 34.49
2 45.0 0.25 34.49 45.4828427125 0.05 34.49
2 45.0 0.25 34.49 45.4828427125 0.05 34.49
2 45.6 0.25 34.49 46.0828427125 0.05 34.49
2 45.6 0.25 34.49 46.0828427125 0.05 34.49
2 45.9313525492 0.25 34.5781677878 46.3219805092 0.05 34.8619756134
2 45.9313525492 0.25 34.5781677878 46.3219805092 0.05 34.8619756134
2 45.81 0.25 34.88 45.81 0.05 35.3628427125
2 45.81 0.25 34.88 45.81 0.05 35.3628427125
2 45.6641445119 0.25 34.8250168046 45.194642782 0.05 34.9377341973
2 45.6641445119 0.25 34.8250168046 45.194642782 0.05 34.9377341973
2 45.15 0.25 34.79 44.6671572875 0.05 34.79
2 45.15 0.25 34.79 44.6671572875 0.05 34.79
2 44.55 0.25 34.79 44.0671572875 0.05 34.79
2 44.55 0.25 34.79 44.0671572875 0.05 34.79
2 43.95 0.25 34.79 43.4671572875 0.05 34.79
2 43.95 0.25 34.79 43.4671572875 0.05 34.79
2 43.35 0.25 34.79 42.8671572875 0.05 34.79
2 43.35 0.25 34.79 42.8671572875 0.05 34.79
2 43.2925974851 0.25 34.9285819299 43.1078215786 0.05 35.3746704294
2 43.2925974851 0.25 34.9285819299 43.1078215786 0.05 35.3746704294
2 43.3963525492 0.25 35.2326584774 43.5455591529 0.05 35.6918691855
2 43.3963525492 0.25 35.2326584774 43.5455591529 0.05 35.6918691855
2 43.62 0.25 35.09 44.1028427125 0.05 35.09
2 43.62 0.25 35.09 44.1028427125 0.05 35.09
2 44.22 0.25 35.09 44.7028427125 0.05 35.09
2 44.22 0.25 35.09 44.7028427125 0.05 35.09
2 44.82 0.25 35.09 45.3028427125 0.05 35.09
2 44.82 0.25 35.09 45.3028427125 0.05 35.09
2 45.42 0.25 35.09 45.9028427125 0.05 35.09
2 45.42 0.25 35.09 45.9028427125 0.05 35.09
2 45.9581532511 0.25 35.1134651698 46.4350513685 0.05 35.1889984112
2 45.9581532511 0.25 35.1134651698 46.4350513685 0.05 35.1889984112
2 45.81 0.25 35.3 45.81 0.05 35.7828427125
2 45.81 0.25 35.3 45.81 0.05 35.7828427125
2 45.6959391052 0.25 35.4874172072 45.3287826261 0.05 35.8009984645
2 45.6959391052 0.25 35.4874172072 45.3287826261 0.05 35.8009984645
2 45.33 0.25 35.39 44.8471572875 0.05 35.39
2 45.33 0.25 35.39 44.8471572875 0.05 35.39
2 44.73 0.25 35.39 44.2471572875 0.05 35.39
2 44.73 0.25 35.39 44.2471572875 0.05 35.39
2 44.13 0.25 35.39 43.6471572875 0.05 35.39
2 44.13 0.25 35.39 43.6471572875 0.05 35.39
2 43.53 0.25 35.39 43.0471572875 0.05 35.39
2 43.53 0.25 35.39 43.0471572875 0.05 35.39
2 43.2359391052 0.25 35.4874172072 42.8687826261 0.05 35.8009984645
2 43.2359391052 0.25 35.4874172072 42.8687826261 0.05 35.8009984645
2 43.35 0.25 35.81 43.35 0.05 36.2928427125
2 43.35 0.25 35.81 43.35 0.05 36.2928427125
2 43.4981532511 0.25 35.7134651698 43.9750513685 0.05 35.7889984112
2 43.4981532511 0.25 35.7134651698 43.9750513685 0.05 35.7889984112
2 44.04 0.25 35.69 44.5228427125 0.05 35.69
2 44.04 0.25 35.69 44.5228427125 0.05 35.69
2 44.64 0.25 35.69 45.1228427125 0.05 35.69
2 44.64 0.25 35.69 45.1228427125 0.05 35.69
2 45.24 0.25 35.69 45.7228427125 0.05 35.69
2 45.24 0.25 35.69 45.7228427125 0.05 35.69
2 45.84 0.25 35.69 46.3228427125 0.05 35.69
2 45.84 0.25 35.69 46.3228427125 0.05 35.69
2 45.8563525492 0.25 35.8326584774 46.0055591529 0.05 36.2918691855
2 45.8563525492 0.25 35.8326584774 46.0055591529 0.05 36.2918691855
2 45.7525974851 0.25 36.1285819299 45.5678215786 0.05 36.5746704294
2 45.7525974851 0.25 36.1285819299 45.5678215786 0.05 36.5746704294
2 45.51 0.25 35.99 45.0271572875 0.05 35.99
2 45.51 0.25 35.99 45.0271572875 0.05 35.99
2 44.91 0.25 35.99 44.4271572875 0.05 35.99
2 44.91 0.25 35.99 44.4271572875 0.05 35.99
2 44.31 0.25 35.99 43.8271572875 0.05 35.99
2 44.31 0.25 35.99 43.8271572875 0.05 35.99
2 43.71 0.25 35.99 43.2271572875 0.05 35.99
2 43.71 0.25 35.99 43.2271572875 0.05 35.99
2 43.2041445119 0.25 36.0250168046 42.734642782 0.05 36.1377341973
2 43.2041445119 0.25 36.0250168046 42.734642782 0.05 36.1377341973
2 43.35 0.25 36.23 43.35 0.05 36.7128427125
2 43.35 0.25 36.23 43.35 0.05 36.7128427125
2 43.4713525492 0.25 36.3781677878 43.8619805092 0.05 36.6619756134
2 43.4713525492 0.25 36.3781677878 43.8619805092 0.05 36.6619756134
2 43.86 0.25 36.29 44.3428427125 0.05 36.29
2 43.86 0.25 36.29 44.3428427125 0.05 36.29
2 44.46 0.25 36.29 44.9428427125 0.05 36.29
2 44.46 0.25 36.29 44.9428427125 0.05 36.29
2 45.06 0.25 36.29 45.5428427125 0.05 36.29
2 45.06 0.25 36.29 45.5428427125 0.05 36.29
2 45.66 0.25 36.29 46.1428427125 0.05 36.29
2 45.66 0.25 36.29 46.1428427125 0.05 36.29
2 45.9160660172 0.25 36.3960660172 46.2574873734 0.05 36.7374873734
2 45.9160660172 0.25 36.3960660172 46.2574873734 0.05 36.7374873734
2 45.81 0.25 36.74 45.81 0.05 37.2228427125
2 45.81 0.25 36.74 45.81 0.05 37.2228427125
2 45.6604623999 0.25 36.6017688644 45.1791081304 0.05 36.639652267
2 45.6604623999 0.25 36.6017688644 45.1791081304 0.05 36.639652267
2 45.09 0.25 36.59 44.6071572875 0.05 36.59
2 45.09 0.25 36.59 44.6071572875 0.05 36.59
2 44.49 0.25 36.59 44.0071572875 0.05 36.59
2 44.49 0.25 36.59 44.0071572875 0.05 36.59
2 43.89 0.25 36.59 43.4071572875 0.05 36.59
2 43.89 0.25 36.59 43.4071572875 0.05 36.59
2 43.29 0.25 36.59 42.8071572875 0.05 36.59
2 43.29 0.25 36.59 42.8071572875 0.05 36.59
2 43.3149831954 0.25 36.7358554881 43.2022658027 0.05 37.205357218
2 43.3149831954 0.25 36.7358554881 43.2022658027 0.05 37.205357218
2 43.418098575 0.25 37.0236509786 43.6373045793 0.05 37.4538669856
2 43.418098575 0.25 37.0236509786 43.6373045793 0.05 37.4538669856
2 43.68 0.25 36.89 44.1628427125 0.05 36.89
2 43.68 0.25 36.89 44.1628427125 0.05 36.89
2 44.28 0.25 36.89 44.7628427125 0.05 36.89
2 44.28 0.25 36.89 44.7628427125 0.05 36.89
2 44.88 0.25 36.89 45.3628427125 0.05 36.89
2 44.88 0.25 36.89 45.3628427125 0.05 36.89
2 45.48 0.25 36.89 45.9628427125 0.05 36.89
2 45.48 0.25 36.89 45.9628427125 0.05 36.89
2 45.9526584774 0.25 36.9363525492 46.4118691855 0.05 37.0855591529
2 45.9526584774 0.25 36.9363525492 46.4118691855 0.05 37.0855591529
2 45.81 0.25 37.16 45.81 0.05 37.6428427125
2 45.81 0.25 37.16 45.81 0.05 37.6428427125
2 45.6821039753 0.25 37.2683747847 45.2704128856 0.05 37.520659409
2 45.6821039753 0.25 37.2683747847 45.2704128856 0.05 37.520659409
2 45.27 0.25 37.19 44.7871572875 0.05 37.19
2 45.27 0.25 37.19 44.7871572875 0.05 37.19
2 44.67 0.25 37.19 44.1871572875 0.05 37.19
2 44.67 0.25 37.19 44.1871572875 0.05 37.19
2 44.07 0.25 37.19 43.5871572875 0.05 37.19
2 44.07 0.25 37.19 43.5871572875 0.05 37.19
2 43.47 0.25 37.19 42.9871572875 0.05 37.19
2 43.47 0.25 37.19 42.9871572875 0.05 37.19
2 43.2525827928 0.25 37.3040608948 42.9390015355 0.05 37.6712173739
2 43.2525827928 0.25 37.3040608948 42.9390015355 0.05 37.6712173739
2 43.418098575 0.25 37.4436509786 43.6373045793 0.05 37.8738669856
2 43.418098575 0.25 37.4436509786 43.6373045793 0.05 37.8738669856
2 43.68 0.25 37.31 44.1628427125 0.05 37.31
2 43.68 0.25 37.31 44.1628427125 0.05 37.31
2 44.28 0.25 37.31 44.7628427125 0.05 37.31
2 44.28 0.25 37.31 44.7628427125 0.05 37.31
2 44.88 0.25 37.31 45.3628427125 0.05 37.31
2 44.88 0.25 37.31 45.3628427125 0.05 37.31
2 45.48 0.25 37.31 45.9628427125 0.05 37.31
2 45.48 0.25 37.31 45.9628427125 0.05 37.31
2 45.9526584774 0.25 37.3563525492 46.4118691855 0.05 37.5055591529
2 45.9526584774 0.25 37.3563525492 46.4118691855 0.05 37.5055591529
