#first three elements, eye and last three, lookAt
#frame rate
#shutter_speed
5 47.86 0.25 23.19 48.3428427125 0.05 23.19
5 47.86 0.25 23.19 48.3428427125 0.05 23.19
5 48.46 0.25 23.19 48.9428427125 0.05 23.19
5 48.46 0.25 23.19 48.9428427125 0.05 23.19
5 49.06 0.25 23.19 49.5428427125 0.05 23.19
5 49.06 0.25 23.19 49.5428427125 0.05 23.19
5 49.5658554881 0.25 23.2250168046 50.035357218 0.05 23.3377341973
5 49.5658554881 0.25 23.2250168046 50.035357218 0.05 23.3377341973
5 49.42 0.25 23.43 49.42 0.05 23.9128427125
5 49.42 0.25 23.43 49.42 0.05 23.9128427125
5 49.2986474508 0.25 23.5781677878 48.9080194908 0.05 23.8619756134
5 49.2986474508 0.25 23.5781677878 48.9080194908 0.05 23.8619756134
5 48.91 0.25 23.49 48.4271572875 0.05 23.49
5 48.91 0.25 23.49 48.4271572875 0.05 23.49
5 48.31 0.25 23.49 47.8271572875 0.05 23.49
5 48.31 0.25 23.49 47.8271572875 0.05 23.49
5 47.71 0.25 23.49 47.2271572875 0.05 23.49
5 47.71 0.25 23.49 47.2271572875 0.05 23.49
5 47.5716252153 0.25 23.6178960247 47.319340591 0.05 24.0295871144
5 47.5716252153 0.25 23.6178960247 47.319340591 0.05 24.0295871144
5 47.6734651698 0.25 23.9381532511 47.7489984112 0.05 24.4150513685
5 47.6734651698 0.25 23.9381532511 47.7489984112 0.05 24.4150513685
5 47.86 0.25 23.79 48.3428427125 0.05 23.79
5 47.86 0.25 23.79 48.3428427125 0.05 23.79
5 48.46 0.25 23.79 48.9428427125 0.05 23.79
5 48.46 0.25 23.79 48.9428427125 0.05 23.79
5 49.06 0.25 23.79 49.5428427125 0.05 23.79
5 49.06 0.25 23.79 49.5428427125 0.05 23.79
5 49.5658554881 0.25 23.8250168046 50.035357218 0.05 23.9377341973
5 49.5658554881 0.25 23.8250168046 50.035357218 0.05 23.9377341973
5 49.42 0.25 24.03 49.42 0.05 24.5128427125
5 49.42 0.25 24.03 49.42 0.05 24.5128427125
5 49.2986474508 0.25 24.1781677878 48.9080194908 0.05 24.4619756134
5 49.2986474508 0.25 24.1781677878 48.9080194908 0.05 24.4619756134
5 48.91 0.25 24.09 48.4271572875 0.05 24.09
5 48.91 0.25 24.09 48.4271572875 0.05 24.09
5 48.31 0.25 24.09 47.8271572875 0.05 24.09
5 48.31 0.25 24.09 47.8271572875 0.05 24.09
5 47.71 0.25 24.09 47.2271572875 0.05 24.09
5 47.71 0.25 24.09 47.2271572875 0.05 24.09
5 47.5716252153 0.25 24.2178960247 47.319340591 0.05 24.6295871144
5 47.5716252153 0.25 24.2178960247 47.319340591 0.05 24.6295871144
5 47.6734651698 0.25 24.5381532511 47.7489984112 0.05 25.0150513685
5 47.6734651698 0.25 24.5381532511 47.7489984112 0.05 25.0150513685
5 47.86 0.25 24.39 48.3428427125 0.05 24.39
5 47.86 0.25 24.39 48.3428427125 0.05 24.39
5 48.46 0.25 24.39 48.9428427125 0.05 24.39
5 48.46 0.25 24.39 48.9428427125 0.05 24.39
5 49.06 0.25 24.39 49.5428427125 0.05 24.39
5 49.06 0.25 24.39 49.5428427125 0.05 24.39
5 49.5658554881 0.25 24.4250168046 50.035357218 0.05 24.5377341973
5 49.5658554881 0.25 24.4250168046 50.035357218 0.05 24.5377341973
5 49.42 0.25 24.63 49.42 0.05 25.1128427125
5 49.42 0.25 24.63 49.42 0.05 25.1128427125
5 49.2986474508 0.25 24.7781677878 48.9080194908 0.05 25.0619756134
5 49.2986474508 0.25 24.7781677878 48.9080194908 0.05 25.0619756134
5 48.91 0.25 24.69 48.4271572875 0.05 24.69
5 48.91 0.25 24.69 48.4271572875 0.05 24.69
5 48.31 0.25 24.69 47.8271572875 0.05 24.69
5 48.31 0.25 24.69 47.8271572875 0.05 24.69
5 47.71 0.25 24.69 47.2271572875 0.05 24.69
5 47.71 0.25 24.69 47.2271572875 0.05 24.69
5 47.5716252153 0.25 24.8178960247 47.319340591 0.05 25.2295871144
5 47.5716252153 0.25 24.8178960247 47.319340591 0.05 25.2295871144
5 47.6734651698 0.25 25.1381532511 47.7489984112 0.05 25.6150513685
5 47.6734651698 0.25 25.1381532511 47.7489984112 0.05 25.6150513685
5 47.86 0.25 24.99 48.3428427125 0.05 24.99
5 47.86 0.25 24.99 48.3428427125 0.05 24.99
5 48.46 0.25 24.99 48.9428427125 0.05 24.99
5 48.46 0.25 24.99 48.9428427125 0.05 24.99
5 49.06 0.25 24.99 49.5428427125 0.05 24.99
5 49.06 0.25 24.99 49.5428427125 0.05 24.99
5 49.5658554881 0.25 25.0250168046 50.035357218 0.05 25.1377341973
5 49.5658554881 0.25 25.0250168046 50.035357218 0.05 25.1377341973
5 49.42 0.25 25.23 49.42 0.05 25.7128427125
5 49.42 0.25 25.23 49.42 0.05 25.7128427125
5 49.2986474508 0.25 25.3781677878 48.9080194908 0.05 25.6619756134
5 49.2986474508 0.25 25.3781677878 48.9080194908 0.05 25.6619756134
5 48.91 0.25 25.29 48.4271572875 0.05 25.29
5 48.91 0.25 25.29 48.4271572875 0.05 25.29
5 48.31 0.25 25.29 47.8271572875 0.05 25.29
5 48.31 0.25 25.29 47.8271572875 0.05 25.29
5 47.71 0.25 25.29 47.2271572875 0.05 25.29
5 47.71 0.25 25.29 47.2271572875 0.05 25.29
5 47.5716252153 0.25 25.4178960247 47.319340591 0.05 25.8295871144
5 47.5716252153 0.25 25.4178960247 47.319340591 0.05 25.8295871144
5 47.6734651698 0.25 25.7381532511 47.7489984112 0.05 26.2150513685
5 47.6734651698 0.25 25.7381532511 47.7489984112 0.05 26.2150513685
5 47.86 0.25 25.59 48.3428427125 0.05 25.59
5 47.86 0.25 25.59 48.3428427125 0.05 25.59
5 48.46 0.25 25.59 48.9428427125 0.05 25.59
5 48.46 0.25 25.59 48.9428427125 0.05 25.59
5 49.06 0.25 25.59 49.5428427125 0.05 25.59
5 49.06 0.25 25.59 49.5428427125 0.05 25.59
5 49.5658554881 0.25 25.6250168046 50.035357218 0.05 25.7377341973
5 49.5658554881 0.25 25.6250168046 50.035357218 0.05 25.7377341973
5 49.4082311356 0.25 25.7695376001 49.370347733 0.05 26.2508918696
5 49.4082311356 0.25 25.7695376001 49.370347733 0.05 26.2508918696
5 49.24 0.25 25.62 48.7571572875 0.05 25.62
5 49.24 0.25 25.62 48.7571572875 0.05 25.62
5 48.64 0.25 25.62 48.1571572875 0.05 25.62
5 48.64 0.25 25.62 48.1571572875 0.05 25.62
5 48.04 0.25 25.62 47.5571572875 0.05 25.62
5 48.04 0.25 25.62 47.5571572875 0.05 25.62
5 47.5018467489 0.25 25.6434651698 47.0249486315 0.05 25.7189984112
5 47.5018467489 0.25 25.6434651698 47.0249486315 0.05 25.7189984112
