layout_file: ./suncg/house/c6aa4011efde54ae9522dfacffa29a81/houseOneFloor.obj
object
03928116/ac47e870aee0ecf5c4dbe872a948b23
wnid
03928116
scale
0.0222890265313
transformation
0.332 0.000 0.943 48.741
0.000 1.000 0.000 0.050
-0.943 0.000 0.332 24.261
object
04099429/56c13d294f8afb1ffb88d148e845f82e
wnid
04099429
scale
0.0052209079222
transformation
-0.381 0.000 -0.925 48.982
0.000 1.000 0.000 0.050
0.925 0.000 -0.381 23.140
end
lighting
SpotLight 6.0 1 1 1 48.7795232534 2.09056331459 24.4961079704 0.04 0.0 0.0 -0.0 0.0 0.04
SpotLight 6.0 1 1 1 48.4405932534 2.09070387959 24.5048938404 0.04 0.0 0.0 -0.0 0.0 0.04
PointLight 1.2 1 1 1 49.0992299181 2.15948905722 27.0475663052 0.03
