layout_file: ./suncg/house/c6aa4011efde54ae9522dfacffa29a81/houseOneFloor.obj
object
02924116/6b5c172c49f15064e550942ea36e5443
wnid
02924116
scale
0.0612557734074
transformation
-0.329 0.000 0.944 48.997
0.000 1.000 0.000 0.050
-0.944 0.000 -0.329 27.352
end
lighting
PointLight 6.0 1 1 1 49.0299987793 0.49999999702 25.8299999237 0.03
PointLight 1.2 1 1 1 49.0962556241 2.16049405722 26.9155243052 0.03
PointLight 1.2 1 1 1 49.0992299181 2.15948905722 27.0475663052 0.03
PointLight 1.2 1 1 1 49.0965392341 2.16061305722 27.1788855252 0.03
PointLight 1.2 1 1 1 49.0971806841 2.16005105722 27.3119283052 0.03
PointLight 1.2 1 1 1 49.0995058511 2.15978205722 27.4424113052 0.03
SpotLight 6.0 1 1 1 48.4405932534 2.09070387959 24.5048938404 0.04 0.0 0.0 -0.0 0.0 0.04
