#first three elements, eye and last three, lookAt
#frame rate
#shutter_speed
10 48.86 0.25 25.99 49.3428427125 0.05 25.99
10 48.86 0.25 25.99 49.3428427125 0.05 25.99
10 49.46 0.25 25.99 49.9428427125 0.05 25.99
10 49.46 0.25 25.99 49.9428427125 0.05 25.99
10 49.4350168046 0.25 26.1358554881 49.5477341973 0.05 26.605357218
10 49.4350168046 0.25 26.1358554881 49.5477341973 0.05 26.605357218
10 49.331901425 0.25 26.4236509786 49.1126954207 0.05 26.8538669856
10 49.331901425 0.25 26.4236509786 49.1126954207 0.05 26.8538669856
10 49.07 0.25 26.29 48.5871572875 0.05 26.29
10 49.07 0.25 26.29 48.5871572875 0.05 26.29
10 48.5004623999 0.25 26.3017688644 48.0191081304 0.05 26.339652267
10 48.5004623999 0.25 26.3017688644 48.0191081304 0.05 26.339652267
10 48.65 0.25 26.47 48.65 0.05 26.9528427125
10 48.65 0.25 26.47 48.65 0.05 26.9528427125
10 48.7560660172 0.25 26.6960660172 49.0974873734 0.05 27.0374873734
10 48.7560660172 0.25 26.6960660172 49.0974873734 0.05 27.0374873734
10 49.1 0.25 26.59 49.5828427125 0.05 26.59
10 49.1 0.25 26.59 49.5828427125 0.05 26.59
10 49.5385819299 0.25 26.6474025149 49.9846704294 0.05 26.8321784214
10 49.5385819299 0.25 26.6474025149 49.9846704294 0.05 26.8321784214
10 49.4 0.25 26.89 49.4 0.05 27.3728427125
10 49.4 0.25 26.89 49.4 0.05 27.3728427125
10 49.2663490214 0.25 26.958098575 48.8361330144 0.05 27.1773045793
10 49.2663490214 0.25 26.958098575 48.8361330144 0.05 27.1773045793
10 48.83 0.25 26.89 48.3471572875 0.05 26.89
10 48.83 0.25 26.89 48.3471572875 0.05 26.89
10 48.5359391052 0.25 26.9874172072 48.1687826261 0.05 27.3009984645
10 48.5359391052 0.25 26.9874172072 48.1687826261 0.05 27.3009984645
10 48.65 0.25 27.31 48.65 0.05 27.7928427125
10 48.65 0.25 27.31 48.65 0.05 27.7928427125
10 48.7981532511 0.25 27.2134651698 49.2750513685 0.05 27.2889984112
10 48.7981532511 0.25 27.2134651698 49.2750513685 0.05 27.2889984112
10 49.34 0.25 27.19 49.8228427125 0.05 27.19
10 49.34 0.25 27.19 49.8228427125 0.05 27.19
10 49.4783747847 0.25 27.3178960247 49.730659409 0.05 27.7295871144
10 49.4783747847 0.25 27.3178960247 49.730659409 0.05 27.7295871144
10 49.3765348302 0.25 27.6381532511 49.3010015888 0.05 28.1150513685
10 49.3765348302 0.25 27.6381532511 49.3010015888 0.05 28.1150513685
10 49.19 0.25 27.49 48.7071572875 0.05 27.49
10 49.19 0.25 27.49 48.7071572875 0.05 27.49
10 48.59 0.25 27.49 48.1071572875 0.05 27.49
10 48.59 0.25 27.49 48.1071572875 0.05 27.49
10 48.6149831954 0.25 27.6358554881 48.5022658027 0.05 28.105357218
10 48.6149831954 0.25 27.6358554881 48.5022658027 0.05 28.105357218
10 48.718098575 0.25 27.9236509786 48.9373045793 0.05 28.3538669856
10 48.718098575 0.25 27.9236509786 48.9373045793 0.05 28.3538669856
10 48.98 0.25 27.79 49.4628427125 0.05 27.79
10 48.98 0.25 27.79 49.4628427125 0.05 27.79
10 49.5495376001 0.25 27.8017688644 50.0308918696 0.05 27.839652267
10 49.5495376001 0.25 27.8017688644 50.0308918696 0.05 27.839652267
10 49.4 0.25 27.97 49.4 0.05 28.4528427125
10 49.4 0.25 27.97 49.4 0.05 28.4528427125
10 49.2939339828 0.25 28.1960660172 48.9525126266 0.05 28.5374873734
10 49.2939339828 0.25 28.1960660172 48.9525126266 0.05 28.5374873734
10 48.95 0.25 28.09 48.4671572875 0.05 28.09
10 48.95 0.25 28.09 48.4671572875 0.05 28.09
10 48.5114180701 0.25 28.1474025149 48.0653295706 0.05 28.3321784214
10 48.5114180701 0.25 28.1474025149 48.0653295706 0.05 28.3321784214
10 48.65 0.25 28.39 48.65 0.05 28.8728427125
10 48.65 0.25 28.39 48.65 0.05 28.8728427125
10 48.7836509786 0.25 28.458098575 49.2138669856 0.05 28.6773045793
10 48.7836509786 0.25 28.458098575 49.2138669856 0.05 28.6773045793
10 49.22 0.25 28.39 49.7028427125 0.05 28.39
10 49.22 0.25 28.39 49.7028427125 0.05 28.39
10 49.5140608948 0.25 28.4874172072 49.8812173739 0.05 28.8009984645
10 49.5140608948 0.25 28.4874172072 49.8812173739 0.05 28.8009984645
10 49.3536474508 0.25 28.6526584774 49.2044408471 0.05 29.1118691855
10 49.3536474508 0.25 28.6526584774 49.2044408471 0.05 29.1118691855
10 49.13 0.25 28.51 48.6471572875 0.05 28.51
10 49.13 0.25 28.51 48.6471572875 0.05 28.51
10 48.53 0.25 28.51 48.0471572875 0.05 28.51
10 48.53 0.25 28.51 48.0471572875 0.05 28.51
10 48.6382311356 0.25 28.6595376001 48.600347733 0.05 29.1408918696
10 48.6382311356 0.25 28.6595376001 48.600347733 0.05 29.1408918696
