#first three elements, eye and last three, lookAt
#frame rate
#shutter_speed
0 37.86 0.25 37.69 38.3428427125 0.05 37.69
0 37.86 0.25 37.69 38.3428427125 0.05 37.69
0 38.46 0.25 37.69 38.9428427125 0.05 37.69
0 38.46 0.25 37.69 38.9428427125 0.05 37.69
0 39.06 0.25 37.69 39.5428427125 0.05 37.69
0 39.06 0.25 37.69 39.5428427125 0.05 37.69
0 39.66 0.25 37.69 40.1428427125 0.05 37.69
0 39.66 0.25 37.69 40.1428427125 0.05 37.69
0 40.26 0.25 37.69 40.7428427125 0.05 37.69
0 40.26 0.25 37.69 40.7428427125 0.05 37.69
0 40.86 0.25 37.69 41.3428427125 0.05 37.69
0 40.86 0.25 37.69 41.3428427125 0.05 37.69
0 41.46 0.25 37.69 41.9428427125 0.05 37.69
0 41.46 0.25 37.69 41.9428427125 0.05 37.69
0 42.06 0.25 37.69 42.5428427125 0.05 37.69
0 42.06 0.25 37.69 42.5428427125 0.05 37.69
0 42.66 0.25 37.69 43.1428427125 0.05 37.69
0 42.66 0.25 37.69 43.1428427125 0.05 37.69
0 43.26 0.25 37.69 43.7428427125 0.05 37.69
0 43.26 0.25 37.69 43.7428427125 0.05 37.69
0 43.86 0.25 37.69 44.3428427125 0.05 37.69
0 43.86 0.25 37.69 44.3428427125 0.05 37.69
0 44.46 0.25 37.69 44.9428427125 0.05 37.69
0 44.46 0.25 37.69 44.9428427125 0.05 37.69
0 45.06 0.25 37.69 45.5428427125 0.05 37.69
0 45.06 0.25 37.69 45.5428427125 0.05 37.69
0 45.66 0.25 37.69 46.1428427125 0.05 37.69
0 45.66 0.25 37.69 46.1428427125 0.05 37.69
0 45.9160660172 0.25 37.7960660172 46.2574873734 0.05 38.1374873734
0 45.9160660172 0.25 37.7960660172 46.2574873734 0.05 38.1374873734
0 45.81 0.25 38.14 45.81 0.05 38.6228427125
0 45.81 0.25 38.14 45.81 0.05 38.6228427125
0 45.6604623999 0.25 38.0017688644 45.1791081304 0.05 38.039652267
0 45.6604623999 0.25 38.0017688644 45.1791081304 0.05 38.039652267
0 45.09 0.25 37.99 44.6071572875 0.05 37.99
0 45.09 0.25 37.99 44.6071572875 0.05 37.99
0 44.49 0.25 37.99 44.0071572875 0.05 37.99
0 44.49 0.25 37.99 44.0071572875 0.05 37.99
0 43.89 0.25 37.99 43.4071572875 0.05 37.99
0 43.89 0.25 37.99 43.4071572875 0.05 37.99
0 43.29 0.25 37.99 42.8071572875 0.05 37.99
0 43.29 0.25 37.99 42.8071572875 0.05 37.99
0 42.69 0.25 37.99 42.2071572875 0.05 37.99
0 42.69 0.25 37.99 42.2071572875 0.05 37.99
0 42.09 0.25 37.99 41.6071572875 0.05 37.99
0 42.09 0.25 37.99 41.6071572875 0.05 37.99
0 41.49 0.25 37.99 41.0071572875 0.05 37.99
0 41.49 0.25 37.99 41.0071572875 0.05 37.99
0 40.89 0.25 37.99 40.4071572875 0.05 37.99
0 40.89 0.25 37.99 40.4071572875 0.05 37.99
0 40.29 0.25 37.99 39.8071572875 0.05 37.99
0 40.29 0.25 37.99 39.8071572875 0.05 37.99
0 39.69 0.25 37.99 39.2071572875 0.05 37.99
0 39.69 0.25 37.99 39.2071572875 0.05 37.99
0 39.09 0.25 37.99 38.6071572875 0.05 37.99
0 39.09 0.25 37.99 38.6071572875 0.05 37.99
0 38.49 0.25 37.99 38.0071572875 0.05 37.99
0 38.49 0.25 37.99 38.0071572875 0.05 37.99
0 37.89 0.25 37.99 37.4071572875 0.05 37.99
0 37.89 0.25 37.99 37.4071572875 0.05 37.99
0 37.5221039753 0.25 38.0683747847 37.1104128856 0.05 38.320659409
0 37.5221039753 0.25 38.0683747847 37.1104128856 0.05 38.320659409
0 37.65 0.25 38.35 37.65 0.05 38.8328427125
0 37.65 0.25 38.35 37.65 0.05 38.8328427125
0 37.7926584774 0.25 38.3363525492 38.2518691855 0.05 38.4855591529
0 37.7926584774 0.25 38.3363525492 38.2518691855 0.05 38.4855591529
0 38.28 0.25 38.29 38.7628427125 0.05 38.29
0 38.28 0.25 38.29 38.7628427125 0.05 38.29
0 38.88 0.25 38.29 39.3628427125 0.05 38.29
0 38.88 0.25 38.29 39.3628427125 0.05 38.29
0 39.48 0.25 38.29 39.9628427125 0.05 38.29
0 39.48 0.25 38.29 39.9628427125 0.05 38.29
0 40.08 0.25 38.29 40.5628427125 0.05 38.29
0 40.08 0.25 38.29 40.5628427125 0.05 38.29
0 40.68 0.25 38.29 41.1628427125 0.05 38.29
0 40.68 0.25 38.29 41.1628427125 0.05 38.29
0 41.28 0.25 38.29 41.7628427125 0.05 38.29
0 41.28 0.25 38.29 41.7628427125 0.05 38.29
0 41.88 0.25 38.29 42.3628427125 0.05 38.29
0 41.88 0.25 38.29 42.3628427125 0.05 38.29
0 42.48 0.25 38.29 42.9628427125 0.05 38.29
0 42.48 0.25 38.29 42.9628427125 0.05 38.29
0 43.08 0.25 38.29 43.5628427125 0.05 38.29
0 43.08 0.25 38.29 43.5628427125 0.05 38.29
0 43.68 0.25 38.29 44.1628427125 0.05 38.29
0 43.68 0.25 38.29 44.1628427125 0.05 38.29
0 44.28 0.25 38.29 44.7628427125 0.05 38.29
0 44.28 0.25 38.29 44.7628427125 0.05 38.29
0 44.88 0.25 38.29 45.3628427125 0.05 38.29
0 44.88 0.25 38.29 45.3628427125 0.05 38.29
0 45.48 0.25 38.29 45.9628427125 0.05 38.29
0 45.48 0.25 38.29 45.9628427125 0.05 38.29
0 45.9526584774 0.25 38.3363525492 46.4118691855 0.05 38.4855591529
0 45.9526584774 0.25 38.3363525492 46.4118691855 0.05 38.4855591529
0 45.81 0.25 38.56 45.81 0.05 39.0428427125
0 45.81 0.25 38.56 45.81 0.05 39.0428427125
0 45.6821039753 0.25 38.6683747847 45.2704128856 0.05 38.920659409
0 45.6821039753 0.25 38.6683747847 45.2704128856 0.05 38.920659409
0 45.27 0.25 38.59 44.7871572875 0.05 38.59
0 45.27 0.25 38.59 44.7871572875 0.05 38.59
0 44.67 0.25 38.59 44.1871572875 0.05 38.59
0 44.67 0.25 38.59 44.1871572875 0.05 38.59
0 44.07 0.25 38.59 43.5871572875 0.05 38.59
0 44.07 0.25 38.59 43.5871572875 0.05 38.59
0 43.47 0.25 38.59 42.9871572875 0.05 38.59
0 43.47 0.25 38.59 42.9871572875 0.05 38.59
0 42.87 0.25 38.59 42.3871572875 0.05 38.59
0 42.87 0.25 38.59 42.3871572875 0.05 38.59
0 42.27 0.25 38.59 41.7871572875 0.05 38.59
0 42.27 0.25 38.59 41.7871572875 0.05 38.59
0 41.67 0.25 38.59 41.1871572875 0.05 38.59
0 41.67 0.25 38.59 41.1871572875 0.05 38.59
0 41.07 0.25 38.59 40.5871572875 0.05 38.59
0 41.07 0.25 38.59 40.5871572875 0.05 38.59
0 40.47 0.25 38.59 39.9871572875 0.05 38.59
0 40.47 0.25 38.59 39.9871572875 0.05 38.59
0 39.87 0.25 38.59 39.3871572875 0.05 38.59
0 39.87 0.25 38.59 39.3871572875 0.05 38.59
0 39.27 0.25 38.59 38.7871572875 0.05 38.59
0 39.27 0.25 38.59 38.7871572875 0.05 38.59
0 38.67 0.25 38.59 38.1871572875 0.05 38.59
0 38.67 0.25 38.59 38.1871572875 0.05 38.59
0 38.07 0.25 38.59 37.5871572875 0.05 38.59
0 38.07 0.25 38.59 37.5871572875 0.05 38.59
0 37.5004623999 0.25 38.6017688644 37.0191081304 0.05 38.639652267
0 37.5004623999 0.25 38.6017688644 37.0191081304 0.05 38.639652267
0 37.65 0.25 38.77 37.65 0.05 39.2528427125
0 37.65 0.25 38.77 37.65 0.05 39.2528427125
0 37.7560660172 0.25 38.9960660172 38.0974873734 0.05 39.3374873734
0 37.7560660172 0.25 38.9960660172 38.0974873734 0.05 39.3374873734
0 38.1 0.25 38.89 38.5828427125 0.05 38.89
0 38.1 0.25 38.89 38.5828427125 0.05 38.89
0 38.7 0.25 38.89 39.1828427125 0.05 38.89
0 38.7 0.25 38.89 39.1828427125 0.05 38.89
0 39.3 0.25 38.89 39.7828427125 0.05 38.89
0 39.3 0.25 38.89 39.7828427125 0.05 38.89
0 39.9 0.25 38.89 40.3828427125 0.05 38.89
0 39.9 0.25 38.89 40.3828427125 0.05 38.89
0 40.5 0.25 38.89 40.9828427125 0.05 38.89
0 40.5 0.25 38.89 40.9828427125 0.05 38.89
0 41.1 0.25 38.89 41.5828427125 0.05 38.89
0 41.1 0.25 38.89 41.5828427125 0.05 38.89
0 41.7 0.25 38.89 42.1828427125 0.05 38.89
0 41.7 0.25 38.89 42.1828427125 0.05 38.89
0 42.3 0.25 38.89 42.7828427125 0.05 38.89
0 42.3 0.25 38.89 42.7828427125 0.05 38.89
0 42.9 0.25 38.89 43.3828427125 0.05 38.89
0 42.9 0.25 38.89 43.3828427125 0.05 38.89
0 43.5 0.25 38.89 43.9828427125 0.05 38.89
0 43.5 0.25 38.89 43.9828427125 0.05 38.89
0 44.1 0.25 38.89 44.5828427125 0.05 38.89
0 44.1 0.25 38.89 44.5828427125 0.05 38.89
0 44.7 0.25 38.89 45.1828427125 0.05 38.89
0 44.7 0.25 38.89 45.1828427125 0.05 38.89
0 45.3 0.25 38.89 45.7828427125 0.05 38.89
0 45.3 0.25 38.89 45.7828427125 0.05 38.89
0 45.9 0.25 38.89 46.3828427125 0.05 38.89
0 45.9 0.25 38.89 46.3828427125 0.05 38.89
0 45.8334651698 0.25 39.0381532511 45.9089984112 0.05 39.5150513685
0 45.8334651698 0.25 39.0381532511 45.9089984112 0.05 39.5150513685
0 45.7316252153 0.25 39.3178960247 45.479340591 0.05 39.7295871144
0 45.7316252153 0.25 39.3178960247 45.479340591 0.05 39.7295871144
0 45.45 0.25 39.19 44.9671572875 0.05 39.19
0 45.45 0.25 39.19 44.9671572875 0.05 39.19
0 44.85 0.25 39.19 44.3671572875 0.05 39.19
0 44.85 0.25 39.19 44.3671572875 0.05 39.19
0 44.25 0.25 39.19 43.7671572875 0.05 39.19
0 44.25 0.25 39.19 43.7671572875 0.05 39.19
0 43.65 0.25 39.19 43.1671572875 0.05 39.19
0 43.65 0.25 39.19 43.1671572875 0.05 39.19
0 43.05 0.25 39.19 42.5671572875 0.05 39.19
0 43.05 0.25 39.19 42.5671572875 0.05 39.19
0 42.45 0.25 39.19 41.9671572875 0.05 39.19
0 42.45 0.25 39.19 41.9671572875 0.05 39.19
0 41.85 0.25 39.19 41.3671572875 0.05 39.19
0 41.85 0.25 39.19 41.3671572875 0.05 39.19
0 41.25 0.25 39.19 40.7671572875 0.05 39.19
0 41.25 0.25 39.19 40.7671572875 0.05 39.19
0 40.65 0.25 39.19 40.1671572875 0.05 39.19
0 40.65 0.25 39.19 40.1671572875 0.05 39.19
0 40.05 0.25 39.19 39.5671572875 0.05 39.19
0 40.05 0.25 39.19 39.5671572875 0.05 39.19
0 39.45 0.25 39.19 38.9671572875 0.05 39.19
0 39.45 0.25 39.19 38.9671572875 0.05 39.19
0 38.85 0.25 39.19 38.3671572875 0.05 39.19
0 38.85 0.25 39.19 38.3671572875 0.05 39.19
0 38.25 0.25 39.19 37.7671572875 0.05 39.19
0 38.25 0.25 39.19 37.7671572875 0.05 39.19
0 37.65 0.25 39.19 37.1671572875 0.05 39.19
0 37.65 0.25 39.19 37.1671572875 0.05 39.19
0 37.5925974851 0.25 39.3285819299 37.4078215786 0.05 39.7746704294
0 37.5925974851 0.25 39.3285819299 37.4078215786 0.05 39.7746704294
0 37.6963525492 0.25 39.6326584774 37.8455591529 0.05 40.0918691855
0 37.6963525492 0.25 39.6326584774 37.8455591529 0.05 40.0918691855
0 37.92 0.25 39.49 38.4028427125 0.05 39.49
0 37.92 0.25 39.49 38.4028427125 0.05 39.49
0 38.52 0.25 39.49 39.0028427125 0.05 39.49
0 38.52 0.25 39.49 39.0028427125 0.05 39.49
0 39.12 0.25 39.49 39.6028427125 0.05 39.49
0 39.12 0.25 39.49 39.6028427125 0.05 39.49
0 39.72 0.25 39.49 40.2028427125 0.05 39.49
0 39.72 0.25 39.49 40.2028427125 0.05 39.49
0 40.32 0.25 39.49 40.8028427125 0.05 39.49
0 40.32 0.25 39.49 40.8028427125 0.05 39.49
0 40.92 0.25 39.49 41.4028427125 0.05 39.49
0 40.92 0.25 39.49 41.4028427125 0.05 39.49
0 41.52 0.25 39.49 42.0028427125 0.05 39.49
0 41.52 0.25 39.49 42.0028427125 0.05 39.49
0 42.12 0.25 39.49 42.6028427125 0.05 39.49
0 42.12 0.25 39.49 42.6028427125 0.05 39.49
0 42.72 0.25 39.49 43.2028427125 0.05 39.49
0 42.72 0.25 39.49 43.2028427125 0.05 39.49
0 43.32 0.25 39.49 43.8028427125 0.05 39.49
0 43.32 0.25 39.49 43.8028427125 0.05 39.49
0 43.92 0.25 39.49 44.4028427125 0.05 39.49
0 43.92 0.25 39.49 44.4028427125 0.05 39.49
0 44.52 0.25 39.49 45.0028427125 0.05 39.49
0 44.52 0.25 39.49 45.0028427125 0.05 39.49
0 45.12 0.25 39.49 45.6028427125 0.05 39.49
0 45.12 0.25 39.49 45.6028427125 0.05 39.49
0 45.72 0.25 39.49 46.2028427125 0.05 39.49
0 45.72 0.25 39.49 46.2028427125 0.05 39.49
0 45.8981677878 0.25 39.6113525492 46.1819756134 0.05 40.0019805092
0 45.8981677878 0.25 39.6113525492 46.1819756134 0.05 40.0019805092
0 45.7982311356 0.25 39.9395376001 45.760347733 0.05 40.4208918696
0 45.7982311356 0.25 39.9395376001 45.760347733 0.05 40.4208918696
0 45.63 0.25 39.79 45.1471572875 0.05 39.79
0 45.63 0.25 39.79 45.1471572875 0.05 39.79
0 45.03 0.25 39.79 44.5471572875 0.05 39.79
0 45.03 0.25 39.79 44.5471572875 0.05 39.79
0 44.43 0.25 39.79 43.9471572875 0.05 39.79
0 44.43 0.25 39.79 43.9471572875 0.05 39.79
0 43.83 0.25 39.79 43.3471572875 0.05 39.79
0 43.83 0.25 39.79 43.3471572875 0.05 39.79
0 43.23 0.25 39.79 42.7471572875 0.05 39.79
0 43.23 0.25 39.79 42.7471572875 0.05 39.79
0 42.63 0.25 39.79 42.1471572875 0.05 39.79
0 42.63 0.25 39.79 42.1471572875 0.05 39.79
0 42.03 0.25 39.79 41.5471572875 0.05 39.79
0 42.03 0.25 39.79 41.5471572875 0.05 39.79
0 41.43 0.25 39.79 40.9471572875 0.05 39.79
0 41.43 0.25 39.79 40.9471572875 0.05 39.79
0 40.83 0.25 39.79 40.3471572875 0.05 39.79
0 40.83 0.25 39.79 40.3471572875 0.05 39.79
0 40.23 0.25 39.79 39.7471572875 0.05 39.79
0 40.23 0.25 39.79 39.7471572875 0.05 39.79
0 39.63 0.25 39.79 39.1471572875 0.05 39.79
0 39.63 0.25 39.79 39.1471572875 0.05 39.79
0 39.03 0.25 39.79 38.5471572875 0.05 39.79
0 39.03 0.25 39.79 38.5471572875 0.05 39.79
0 38.43 0.25 39.79 37.9471572875 0.05 39.79
0 38.43 0.25 39.79 37.9471572875 0.05 39.79
0 37.83 0.25 39.79 37.3471572875 0.05 39.79
0 37.83 0.25 39.79 37.3471572875 0.05 39.79
0 37.5359391052 0.25 39.8874172072 37.1687826261 0.05 40.2009984645
0 37.5359391052 0.25 39.8874172072 37.1687826261 0.05 40.2009984645
0 37.65 0.25 40.21 37.65 0.05 40.6928427125
0 37.65 0.25 40.21 37.65 0.05 40.6928427125
0 37.7981532511 0.25 40.1134651698 38.2750513685 0.05 40.1889984112
0 37.7981532511 0.25 40.1134651698 38.2750513685 0.05 40.1889984112
0 38.34 0.25 40.09 38.8228427125 0.05 40.09
0 38.34 0.25 40.09 38.8228427125 0.05 40.09
0 38.94 0.25 40.09 39.4228427125 0.05 40.09
0 38.94 0.25 40.09 39.4228427125 0.05 40.09
0 39.54 0.25 40.09 40.0228427125 0.05 40.09
0 39.54 0.25 40.09 40.0228427125 0.05 40.09
0 40.14 0.25 40.09 40.6228427125 0.05 40.09
0 40.14 0.25 40.09 40.6228427125 0.05 40.09
0 40.74 0.25 40.09 41.2228427125 0.05 40.09
0 40.74 0.25 40.09 41.2228427125 0.05 40.09
0 41.34 0.25 40.09 41.8228427125 0.05 40.09
0 41.34 0.25 40.09 41.8228427125 0.05 40.09
0 41.94 0.25 40.09 42.4228427125 0.05 40.09
0 41.94 0.25 40.09 42.4228427125 0.05 40.09
0 42.54 0.25 40.09 43.0228427125 0.05 40.09
0 42.54 0.25 40.09 43.0228427125 0.05 40.09
0 43.14 0.25 40.09 43.6228427125 0.05 40.09
0 43.14 0.25 40.09 43.6228427125 0.05 40.09
0 43.74 0.25 40.09 44.2228427125 0.05 40.09
0 43.74 0.25 40.09 44.2228427125 0.05 40.09
0 44.34 0.25 40.09 44.8228427125 0.05 40.09
0 44.34 0.25 40.09 44.8228427125 0.05 40.09
0 44.94 0.25 40.09 45.4228427125 0.05 40.09
0 44.94 0.25 40.09 45.4228427125 0.05 40.09
0 45.54 0.25 40.09 46.0228427125 0.05 40.09
0 45.54 0.25 40.09 46.0228427125 0.05 40.09
0 45.9436509786 0.25 40.158098575 46.3738669856 0.05 40.3773045793
0 45.9436509786 0.25 40.158098575 46.3738669856 0.05 40.3773045793
0 45.81 0.25 40.42 45.81 0.05 40.9028427125
0 45.81 0.25 40.42 45.81 0.05 40.9028427125
0 45.6714180701 0.25 40.4474025149 45.2253295706 0.05 40.6321784214
0 45.6714180701 0.25 40.4474025149 45.2253295706 0.05 40.6321784214
0 45.21 0.25 40.39 44.7271572875 0.05 40.39
0 45.21 0.25 40.39 44.7271572875 0.05 40.39
0 44.61 0.25 40.39 44.1271572875 0.05 40.39
0 44.61 0.25 40.39 44.1271572875 0.05 40.39
0 44.01 0.25 40.39 43.5271572875 0.05 40.39
0 44.01 0.25 40.39 43.5271572875 0.05 40.39
0 43.41 0.25 40.39 42.9271572875 0.05 40.39
0 43.41 0.25 40.39 42.9271572875 0.05 40.39
0 42.81 0.25 40.39 42.3271572875 0.05 40.39
0 42.81 0.25 40.39 42.3271572875 0.05 40.39
0 42.21 0.25 40.39 41.7271572875 0.05 40.39
0 42.21 0.25 40.39 41.7271572875 0.05 40.39
0 41.61 0.25 40.39 41.1271572875 0.05 40.39
0 41.61 0.25 40.39 41.1271572875 0.05 40.39
0 41.01 0.25 40.39 40.5271572875 0.05 40.39
0 41.01 0.25 40.39 40.5271572875 0.05 40.39
0 40.41 0.25 40.39 39.9271572875 0.05 40.39
0 40.41 0.25 40.39 39.9271572875 0.05 40.39
0 39.81 0.25 40.39 39.3271572875 0.05 40.39
0 39.81 0.25 40.39 39.3271572875 0.05 40.39
0 39.21 0.25 40.39 38.7271572875 0.05 40.39
0 39.21 0.25 40.39 38.7271572875 0.05 40.39
0 38.61 0.25 40.39 38.1271572875 0.05 40.39
0 38.61 0.25 40.39 38.1271572875 0.05 40.39
0 38.01 0.25 40.39 37.5271572875 0.05 40.39
0 38.01 0.25 40.39 37.5271572875 0.05 40.39
0 37.5041445119 0.25 40.4250168046 37.034642782 0.05 40.5377341973
0 37.5041445119 0.25 40.4250168046 37.034642782 0.05 40.5377341973
0 37.65 0.25 40.63 37.65 0.05 41.1128427125
0 37.65 0.25 40.63 37.65 0.05 41.1128427125
0 37.7713525492 0.25 40.7781677878 38.1619805092 0.05 41.0619756134
0 37.7713525492 0.25 40.7781677878 38.1619805092 0.05 41.0619756134
0 38.16 0.25 40.69 38.6428427125 0.05 40.69
0 38.16 0.25 40.69 38.6428427125 0.05 40.69
0 38.76 0.25 40.69 39.2428427125 0.05 40.69
0 38.76 0.25 40.69 39.2428427125 0.05 40.69
0 39.36 0.25 40.69 39.8428427125 0.05 40.69
0 39.36 0.25 40.69 39.8428427125 0.05 40.69
0 39.96 0.25 40.69 40.4428427125 0.05 40.69
0 39.96 0.25 40.69 40.4428427125 0.05 40.69
0 40.56 0.25 40.69 41.0428427125 0.05 40.69
0 40.56 0.25 40.69 41.0428427125 0.05 40.69
0 41.16 0.25 40.69 41.6428427125 0.05 40.69
0 41.16 0.25 40.69 41.6428427125 0.05 40.69
0 41.76 0.25 40.69 42.2428427125 0.05 40.69
0 41.76 0.25 40.69 42.2428427125 0.05 40.69
0 42.36 0.25 40.69 42.8428427125 0.05 40.69
0 42.36 0.25 40.69 42.8428427125 0.05 40.69
0 42.96 0.25 40.69 43.4428427125 0.05 40.69
0 42.96 0.25 40.69 43.4428427125 0.05 40.69
0 43.56 0.25 40.69 44.0428427125 0.05 40.69
0 43.56 0.25 40.69 44.0428427125 0.05 40.69
0 44.16 0.25 40.69 44.6428427125 0.05 40.69
0 44.16 0.25 40.69 44.6428427125 0.05 40.69
0 44.76 0.25 40.69 45.2428427125 0.05 40.69
0 44.76 0.25 40.69 45.2428427125 0.05 40.69
0 45.36 0.25 40.69 45.8428427125 0.05 40.69
0 45.36 0.25 40.69 45.8428427125 0.05 40.69
0 45.96 0.25 40.69 46.4428427125 0.05 40.69
0 45.96 0.25 40.69 46.4428427125 0.05 40.69
0 45.81 0.25 40.84 45.81 0.05 41.3228427125
0 45.81 0.25 40.84 45.81 0.05 41.3228427125
0 45.7125827928 0.25 41.1040608948 45.3990015355 0.05 41.4712173739
0 45.7125827928 0.25 41.1040608948 45.3990015355 0.05 41.4712173739
0 45.39 0.25 40.99 44.9071572875 0.05 40.99
0 45.39 0.25 40.99 44.9071572875 0.05 40.99
0 44.79 0.25 40.99 44.3071572875 0.05 40.99
0 44.79 0.25 40.99 44.3071572875 0.05 40.99
0 44.19 0.25 40.99 43.7071572875 0.05 40.99
0 44.19 0.25 40.99 43.7071572875 0.05 40.99
0 43.59 0.25 40.99 43.1071572875 0.05 40.99
0 43.59 0.25 40.99 43.1071572875 0.05 40.99
0 42.99 0.25 40.99 42.5071572875 0.05 40.99
0 42.99 0.25 40.99 42.5071572875 0.05 40.99
0 42.39 0.25 40.99 41.9071572875 0.05 40.99
0 42.39 0.25 40.99 41.9071572875 0.05 40.99
0 41.79 0.25 40.99 41.3071572875 0.05 40.99
0 41.79 0.25 40.99 41.3071572875 0.05 40.99
0 41.19 0.25 40.99 40.7071572875 0.05 40.99
0 41.19 0.25 40.99 40.7071572875 0.05 40.99
0 40.59 0.25 40.99 40.1071572875 0.05 40.99
0 40.59 0.25 40.99 40.1071572875 0.05 40.99
0 39.99 0.25 40.99 39.5071572875 0.05 40.99
0 39.99 0.25 40.99 39.5071572875 0.05 40.99
0 39.39 0.25 40.99 38.9071572875 0.05 40.99
0 39.39 0.25 40.99 38.9071572875 0.05 40.99
0 38.79 0.25 40.99 38.3071572875 0.05 40.99
0 38.79 0.25 40.99 38.3071572875 0.05 40.99
0 38.19 0.25 40.99 37.7071572875 0.05 40.99
0 38.19 0.25 40.99 37.7071572875 0.05 40.99
0 37.59 0.25 40.99 37.1071572875 0.05 40.99
0 37.59 0.25 40.99 37.1071572875 0.05 40.99
0 37.6149831954 0.25 41.1358554881 37.5022658027 0.05 41.605357218
0 37.6149831954 0.25 41.1358554881 37.5022658027 0.05 41.605357218
0 37.718098575 0.25 41.4236509786 37.9373045793 0.05 41.8538669856
0 37.718098575 0.25 41.4236509786 37.9373045793 0.05 41.8538669856
0 37.98 0.25 41.29 38.4628427125 0.05 41.29
0 37.98 0.25 41.29 38.4628427125 0.05 41.29
0 38.58 0.25 41.29 39.0628427125 0.05 41.29
0 38.58 0.25 41.29 39.0628427125 0.05 41.29
0 39.18 0.25 41.29 39.6628427125 0.05 41.29
0 39.18 0.25 41.29 39.6628427125 0.05 41.29
0 39.78 0.25 41.29 40.2628427125 0.05 41.29
0 39.78 0.25 41.29 40.2628427125 0.05 41.29
0 40.38 0.25 41.29 40.8628427125 0.05 41.29
0 40.38 0.25 41.29 40.8628427125 0.05 41.29
0 40.98 0.25 41.29 41.4628427125 0.05 41.29
0 40.98 0.25 41.29 41.4628427125 0.05 41.29
0 41.58 0.25 41.29 42.0628427125 0.05 41.29
0 41.58 0.25 41.29 42.0628427125 0.05 41.29
0 42.18 0.25 41.29 42.6628427125 0.05 41.29
0 42.18 0.25 41.29 42.6628427125 0.05 41.29
0 42.78 0.25 41.29 43.2628427125 0.05 41.29
0 42.78 0.25 41.29 43.2628427125 0.05 41.29
0 43.38 0.25 41.29 43.8628427125 0.05 41.29
0 43.38 0.25 41.29 43.8628427125 0.05 41.29
0 43.98 0.25 41.29 44.4628427125 0.05 41.29
0 43.98 0.25 41.29 44.4628427125 0.05 41.29
0 44.58 0.25 41.29 45.0628427125 0.05 41.29
0 44.58 0.25 41.29 45.0628427125 0.05 41.29
0 45.18 0.25 41.29 45.6628427125 0.05 41.29
0 45.18 0.25 41.29 45.6628427125 0.05 41.29
0 45.78 0.25 41.29 46.2628427125 0.05 41.29
0 45.78 0.25 41.29 46.2628427125 0.05 41.29
0 45.878098575 0.25 41.4236509786 46.0973045793 0.05 41.8538669856
0 45.878098575 0.25 41.4236509786 46.0973045793 0.05 41.8538669856
0 45.7749831954 0.25 41.7358554881 45.6622658027 0.05 42.205357218
0 45.7749831954 0.25 41.7358554881 45.6622658027 0.05 42.205357218
0 45.57 0.25 41.59 45.0871572875 0.05 41.59
0 45.57 0.25 41.59 45.0871572875 0.05 41.59
0 44.97 0.25 41.59 44.4871572875 0.05 41.59
0 44.97 0.25 41.59 44.4871572875 0.05 41.59
0 44.37 0.25 41.59 43.8871572875 0.05 41.59
0 44.37 0.25 41.59 43.8871572875 0.05 41.59
0 43.77 0.25 41.59 43.2871572875 0.05 41.59
0 43.77 0.25 41.59 43.2871572875 0.05 41.59
0 43.17 0.25 41.59 42.6871572875 0.05 41.59
0 43.17 0.25 41.59 42.6871572875 0.05 41.59
0 42.57 0.25 41.59 42.0871572875 0.05 41.59
0 42.57 0.25 41.59 42.0871572875 0.05 41.59
0 41.97 0.25 41.59 41.4871572875 0.05 41.59
0 41.97 0.25 41.59 41.4871572875 0.05 41.59
0 41.37 0.25 41.59 40.8871572875 0.05 41.59
0 41.37 0.25 41.59 40.8871572875 0.05 41.59
0 40.77 0.25 41.59 40.2871572875 0.05 41.59
0 40.77 0.25 41.59 40.2871572875 0.05 41.59
0 40.17 0.25 41.59 39.6871572875 0.05 41.59
0 40.17 0.25 41.59 39.6871572875 0.05 41.59
0 39.57 0.25 41.59 39.0871572875 0.05 41.59
0 39.57 0.25 41.59 39.0871572875 0.05 41.59
0 38.97 0.25 41.59 38.4871572875 0.05 41.59
0 38.97 0.25 41.59 38.4871572875 0.05 41.59
0 38.37 0.25 41.59 37.8871572875 0.05 41.59
0 38.37 0.25 41.59 37.8871572875 0.05 41.59
0 37.77 0.25 41.59 37.2871572875 0.05 41.59
0 37.77 0.25 41.59 37.2871572875 0.05 41.59
0 37.5525827928 0.25 41.7040608948 37.2390015355 0.05 42.0712173739
0 37.5525827928 0.25 41.7040608948 37.2390015355 0.05 42.0712173739
0 37.65 0.25 42.04 37.65 0.05 42.5228427125
0 37.65 0.25 42.04 37.65 0.05 42.5228427125
0 37.8 0.25 41.89 38.2828427125 0.05 41.89
0 37.8 0.25 41.89 38.2828427125 0.05 41.89
0 38.4 0.25 41.89 38.8828427125 0.05 41.89
0 38.4 0.25 41.89 38.8828427125 0.05 41.89
0 39.0 0.25 41.89 39.4828427125 0.05 41.89
0 39.0 0.25 41.89 39.4828427125 0.05 41.89
0 39.6 0.25 41.89 40.0828427125 0.05 41.89
0 39.6 0.25 41.89 40.0828427125 0.05 41.89
0 40.2 0.25 41.89 40.6828427125 0.05 41.89
0 40.2 0.25 41.89 40.6828427125 0.05 41.89
0 40.8 0.25 41.89 41.2828427125 0.05 41.89
0 40.8 0.25 41.89 41.2828427125 0.05 41.89
0 41.4 0.25 41.89 41.8828427125 0.05 41.89
0 41.4 0.25 41.89 41.8828427125 0.05 41.89
0 42.0 0.25 41.89 42.4828427125 0.05 41.89
0 42.0 0.25 41.89 42.4828427125 0.05 41.89
0 42.6 0.25 41.89 43.0828427125 0.05 41.89
0 42.6 0.25 41.89 43.0828427125 0.05 41.89
0 43.2 0.25 41.89 43.6828427125 0.05 41.89
0 43.2 0.25 41.89 43.6828427125 0.05 41.89
0 43.8 0.25 41.89 44.2828427125 0.05 41.89
0 43.8 0.25 41.89 44.2828427125 0.05 41.89
0 44.4 0.25 41.89 44.8828427125 0.05 41.89
0 44.4 0.25 41.89 44.8828427125 0.05 41.89
0 45.0 0.25 41.89 45.4828427125 0.05 41.89
0 45.0 0.25 41.89 45.4828427125 0.05 41.89
0 45.6 0.25 41.89 46.0828427125 0.05 41.89
0 45.6 0.25 41.89 46.0828427125 0.05 41.89
0 45.9313525492 0.25 41.9781677878 46.3219805092 0.05 42.2619756134
0 45.9313525492 0.25 41.9781677878 46.3219805092 0.05 42.2619756134
0 45.81 0.25 42.28 45.81 0.05 42.7628427125
0 45.81 0.25 42.28 45.81 0.05 42.7628427125
0 45.6641445119 0.25 42.2250168046 45.194642782 0.05 42.3377341973
0 45.6641445119 0.25 42.2250168046 45.194642782 0.05 42.3377341973
0 45.15 0.25 42.19 44.6671572875 0.05 42.19
0 45.15 0.25 42.19 44.6671572875 0.05 42.19
0 44.55 0.25 42.19 44.0671572875 0.05 42.19
0 44.55 0.25 42.19 44.0671572875 0.05 42.19
0 43.95 0.25 42.19 43.4671572875 0.05 42.19
0 43.95 0.25 42.19 43.4671572875 0.05 42.19
0 43.35 0.25 42.19 42.8671572875 0.05 42.19
0 43.35 0.25 42.19 42.8671572875 0.05 42.19
0 42.75 0.25 42.19 42.2671572875 0.05 42.19
0 42.75 0.25 42.19 42.2671572875 0.05 42.19
0 42.15 0.25 42.19 41.6671572875 0.05 42.19
0 42.15 0.25 42.19 41.6671572875 0.05 42.19
0 41.55 0.25 42.19 41.0671572875 0.05 42.19
0 41.55 0.25 42.19 41.0671572875 0.05 42.19
0 40.95 0.25 42.19 40.4671572875 0.05 42.19
0 40.95 0.25 42.19 40.4671572875 0.05 42.19
0 40.35 0.25 42.19 39.8671572875 0.05 42.19
0 40.35 0.25 42.19 39.8671572875 0.05 42.19
0 39.75 0.25 42.19 39.2671572875 0.05 42.19
0 39.75 0.25 42.19 39.2671572875 0.05 42.19
0 39.15 0.25 42.19 38.6671572875 0.05 42.19
0 39.15 0.25 42.19 38.6671572875 0.05 42.19
0 38.55 0.25 42.19 38.0671572875 0.05 42.19
0 38.55 0.25 42.19 38.0671572875 0.05 42.19
0 37.95 0.25 42.19 37.4671572875 0.05 42.19
0 37.95 0.25 42.19 37.4671572875 0.05 42.19
0 37.5114180701 0.25 42.2474025149 37.0653295706 0.05 42.4321784214
0 37.5114180701 0.25 42.2474025149 37.0653295706 0.05 42.4321784214
0 37.65 0.25 42.49 37.65 0.05 42.9728427125
0 37.65 0.25 42.49 37.65 0.05 42.9728427125
0 37.7836509786 0.25 42.558098575 38.2138669856 0.05 42.7773045793
0 37.7836509786 0.25 42.558098575 38.2138669856 0.05 42.7773045793
0 38.22 0.25 42.49 38.7028427125 0.05 42.49
0 38.22 0.25 42.49 38.7028427125 0.05 42.49
0 38.82 0.25 42.49 39.3028427125 0.05 42.49
0 38.82 0.25 42.49 39.3028427125 0.05 42.49
0 39.42 0.25 42.49 39.9028427125 0.05 42.49
0 39.42 0.25 42.49 39.9028427125 0.05 42.49
0 40.02 0.25 42.49 40.5028427125 0.05 42.49
0 40.02 0.25 42.49 40.5028427125 0.05 42.49
0 40.62 0.25 42.49 41.1028427125 0.05 42.49
0 40.62 0.25 42.49 41.1028427125 0.05 42.49
0 41.22 0.25 42.49 41.7028427125 0.05 42.49
0 41.22 0.25 42.49 41.7028427125 0.05 42.49
0 41.82 0.25 42.49 42.3028427125 0.05 42.49
0 41.82 0.25 42.49 42.3028427125 0.05 42.49
0 42.42 0.25 42.49 42.9028427125 0.05 42.49
0 42.42 0.25 42.49 42.9028427125 0.05 42.49
0 43.02 0.25 42.49 43.5028427125 0.05 42.49
0 43.02 0.25 42.49 43.5028427125 0.05 42.49
0 43.62 0.25 42.49 44.1028427125 0.05 42.49
0 43.62 0.25 42.49 44.1028427125 0.05 42.49
0 44.22 0.25 42.49 44.7028427125 0.05 42.49
0 44.22 0.25 42.49 44.7028427125 0.05 42.49
0 44.82 0.25 42.49 45.3028427125 0.05 42.49
0 44.82 0.25 42.49 45.3028427125 0.05 42.49
0 45.42 0.25 42.49 45.9028427125 0.05 42.49
0 45.42 0.25 42.49 45.9028427125 0.05 42.49
0 45.9581532511 0.25 42.5134651698 46.4350513685 0.05 42.5889984112
0 45.9581532511 0.25 42.5134651698 46.4350513685 0.05 42.5889984112
0 45.81 0.25 42.7 45.81 0.05 43.1828427125
0 45.81 0.25 42.7 45.81 0.05 43.1828427125
0 45.6959391052 0.25 42.8874172072 45.3287826261 0.05 43.2009984645
0 45.6959391052 0.25 42.8874172072 45.3287826261 0.05 43.2009984645
0 45.33 0.25 42.79 44.8471572875 0.05 42.79
0 45.33 0.25 42.79 44.8471572875 0.05 42.79
0 44.73 0.25 42.79 44.2471572875 0.05 42.79
0 44.73 0.25 42.79 44.2471572875 0.05 42.79
0 44.13 0.25 42.79 43.6471572875 0.05 42.79
0 44.13 0.25 42.79 43.6471572875 0.05 42.79
0 43.53 0.25 42.79 43.0471572875 0.05 42.79
0 43.53 0.25 42.79 43.0471572875 0.05 42.79
0 42.93 0.25 42.79 42.4471572875 0.05 42.79
0 42.93 0.25 42.79 42.4471572875 0.05 42.79
0 42.33 0.25 42.79 41.8471572875 0.05 42.79
0 42.33 0.25 42.79 41.8471572875 0.05 42.79
0 41.73 0.25 42.79 41.2471572875 0.05 42.79
0 41.73 0.25 42.79 41.2471572875 0.05 42.79
0 41.13 0.25 42.79 40.6471572875 0.05 42.79
0 41.13 0.25 42.79 40.6471572875 0.05 42.79
0 40.53 0.25 42.79 40.0471572875 0.05 42.79
0 40.53 0.25 42.79 40.0471572875 0.05 42.79
0 39.93 0.25 42.79 39.4471572875 0.05 42.79
0 39.93 0.25 42.79 39.4471572875 0.05 42.79
0 39.33 0.25 42.79 38.8471572875 0.05 42.79
0 39.33 0.25 42.79 38.8471572875 0.05 42.79
0 38.73 0.25 42.79 38.2471572875 0.05 42.79
0 38.73 0.25 42.79 38.2471572875 0.05 42.79
0 38.13 0.25 42.79 37.6471572875 0.05 42.79
0 38.13 0.25 42.79 37.6471572875 0.05 42.79
0 37.53 0.25 42.79 37.0471572875 0.05 42.79
0 37.53 0.25 42.79 37.0471572875 0.05 42.79
0 37.6382311356 0.25 42.9395376001 37.600347733 0.05 43.4208918696
0 37.6382311356 0.25 42.9395376001 37.600347733 0.05 43.4208918696
0 37.7381677878 0.25 43.2113525492 38.0219756134 0.05 43.6019805092
0 37.7381677878 0.25 43.2113525492 38.0219756134 0.05 43.6019805092
0 38.04 0.25 43.09 38.5228427125 0.05 43.09
0 38.04 0.25 43.09 38.5228427125 0.05 43.09
0 38.64 0.25 43.09 39.1228427125 0.05 43.09
0 38.64 0.25 43.09 39.1228427125 0.05 43.09
0 39.24 0.25 43.09 39.7228427125 0.05 43.09
0 39.24 0.25 43.09 39.7228427125 0.05 43.09
0 39.84 0.25 43.09 40.3228427125 0.05 43.09
0 39.84 0.25 43.09 40.3228427125 0.05 43.09
0 40.44 0.25 43.09 40.9228427125 0.05 43.09
0 40.44 0.25 43.09 40.9228427125 0.05 43.09
0 41.04 0.25 43.09 41.5228427125 0.05 43.09
0 41.04 0.25 43.09 41.5228427125 0.05 43.09
0 41.64 0.25 43.09 42.1228427125 0.05 43.09
0 41.64 0.25 43.09 42.1228427125 0.05 43.09
0 42.24 0.25 43.09 42.7228427125 0.05 43.09
0 42.24 0.25 43.09 42.7228427125 0.05 43.09
0 42.84 0.25 43.09 43.3228427125 0.05 43.09
0 42.84 0.25 43.09 43.3228427125 0.05 43.09
0 43.44 0.25 43.09 43.9228427125 0.05 43.09
0 43.44 0.25 43.09 43.9228427125 0.05 43.09
0 44.04 0.25 43.09 44.5228427125 0.05 43.09
0 44.04 0.25 43.09 44.5228427125 0.05 43.09
0 44.64 0.25 43.09 45.1228427125 0.05 43.09
0 44.64 0.25 43.09 45.1228427125 0.05 43.09
0 45.24 0.25 43.09 45.7228427125 0.05 43.09
0 45.24 0.25 43.09 45.7228427125 0.05 43.09
0 45.84 0.25 43.09 46.3228427125 0.05 43.09
0 45.84 0.25 43.09 46.3228427125 0.05 43.09
0 45.8563525492 0.25 43.2326584774 46.0055591529 0.05 43.6918691855
0 45.8563525492 0.25 43.2326584774 46.0055591529 0.05 43.6918691855
0 45.7525974851 0.25 43.5285819299 45.5678215786 0.05 43.9746704294
0 45.7525974851 0.25 43.5285819299 45.5678215786 0.05 43.9746704294
0 45.51 0.25 43.39 45.0271572875 0.05 43.39
0 45.51 0.25 43.39 45.0271572875 0.05 43.39
0 44.91 0.25 43.39 44.4271572875 0.05 43.39
0 44.91 0.25 43.39 44.4271572875 0.05 43.39
0 44.31 0.25 43.39 43.8271572875 0.05 43.39
0 44.31 0.25 43.39 43.8271572875 0.05 43.39
0 43.71 0.25 43.39 43.2271572875 0.05 43.39
0 43.71 0.25 43.39 43.2271572875 0.05 43.39
0 43.11 0.25 43.39 42.6271572875 0.05 43.39
0 43.11 0.25 43.39 42.6271572875 0.05 43.39
0 42.51 0.25 43.39 42.0271572875 0.05 43.39
0 42.51 0.25 43.39 42.0271572875 0.05 43.39
0 41.91 0.25 43.39 41.4271572875 0.05 43.39
0 41.91 0.25 43.39 41.4271572875 0.05 43.39
0 41.31 0.25 43.39 40.8271572875 0.05 43.39
0 41.31 0.25 43.39 40.8271572875 0.05 43.39
0 40.71 0.25 43.39 40.2271572875 0.05 43.39
0 40.71 0.25 43.39 40.2271572875 0.05 43.39
0 40.11 0.25 43.39 39.6271572875 0.05 43.39
0 40.11 0.25 43.39 39.6271572875 0.05 43.39
0 39.51 0.25 43.39 39.0271572875 0.05 43.39
0 39.51 0.25 43.39 39.0271572875 0.05 43.39
0 38.91 0.25 43.39 38.4271572875 0.05 43.39
0 38.91 0.25 43.39 38.4271572875 0.05 43.39
0 38.31 0.25 43.39 37.8271572875 0.05 43.39
0 38.31 0.25 43.39 37.8271572875 0.05 43.39
0 37.71 0.25 43.39 37.2271572875 0.05 43.39
0 37.71 0.25 43.39 37.2271572875 0.05 43.39
0 37.5716252153 0.25 43.5178960247 37.319340591 0.05 43.9295871144
0 37.5716252153 0.25 43.5178960247 37.319340591 0.05 43.9295871144
0 37.92 0.25 43.63 38.4028427125 0.05 43.63
0 37.92 0.25 43.63 38.4028427125 0.05 43.63
0 38.52 0.25 43.63 39.0028427125 0.05 43.63
0 38.52 0.25 43.63 39.0028427125 0.05 43.63
0 39.12 0.25 43.63 39.6028427125 0.05 43.63
0 39.12 0.25 43.63 39.6028427125 0.05 43.63
0 39.72 0.25 43.63 40.2028427125 0.05 43.63
0 39.72 0.25 43.63 40.2028427125 0.05 43.63
0 40.32 0.25 43.63 40.8028427125 0.05 43.63
0 40.32 0.25 43.63 40.8028427125 0.05 43.63
0 40.92 0.25 43.63 41.4028427125 0.05 43.63
0 40.92 0.25 43.63 41.4028427125 0.05 43.63
0 41.52 0.25 43.63 42.0028427125 0.05 43.63
0 41.52 0.25 43.63 42.0028427125 0.05 43.63
0 42.12 0.25 43.63 42.6028427125 0.05 43.63
0 42.12 0.25 43.63 42.6028427125 0.05 43.63
0 42.72 0.25 43.63 43.2028427125 0.05 43.63
0 42.72 0.25 43.63 43.2028427125 0.05 43.63
0 43.32 0.25 43.63 43.8028427125 0.05 43.63
0 43.32 0.25 43.63 43.8028427125 0.05 43.63
0 43.92 0.25 43.63 44.4028427125 0.05 43.63
0 43.92 0.25 43.63 44.4028427125 0.05 43.63
0 44.52 0.25 43.63 45.0028427125 0.05 43.63
0 44.52 0.25 43.63 45.0028427125 0.05 43.63
0 45.12 0.25 43.63 45.6028427125 0.05 43.63
0 45.12 0.25 43.63 45.6028427125 0.05 43.63
0 45.72 0.25 43.63 46.2028427125 0.05 43.63
0 45.72 0.25 43.63 46.2028427125 0.05 43.63
0 45.8981677878 0.25 43.7513525492 46.1819756134 0.05 44.1419805092
0 45.8981677878 0.25 43.7513525492 46.1819756134 0.05 44.1419805092
