#first three elements, eye and last three, lookAt
#frame rate
#shutter_speed
4 39.31 0.25 40.66 39.7928427125 0.05 40.66
4 39.31 0.25 40.66 39.7928427125 0.05 40.66
4 39.91 0.25 40.66 40.3928427125 0.05 40.66
4 39.91 0.25 40.66 40.3928427125 0.05 40.66
4 40.51 0.25 40.66 40.9928427125 0.05 40.66
4 40.51 0.25 40.66 40.9928427125 0.05 40.66
4 41.11 0.25 40.66 41.5928427125 0.05 40.66
4 41.11 0.25 40.66 41.5928427125 0.05 40.66
4 41.2483747847 0.25 40.7878960247 41.500659409 0.05 41.1995871144
4 41.2483747847 0.25 40.7878960247 41.500659409 0.05 41.1995871144
4 41.1465348302 0.25 41.1081532511 41.0710015888 0.05 41.5850513685
4 41.1465348302 0.25 41.1081532511 41.0710015888 0.05 41.5850513685
4 40.96 0.25 40.96 40.4771572875 0.05 40.96
4 40.96 0.25 40.96 40.4771572875 0.05 40.96
4 40.36 0.25 40.96 39.8771572875 0.05 40.96
4 40.36 0.25 40.96 39.8771572875 0.05 40.96
4 39.76 0.25 40.96 39.2771572875 0.05 40.96
4 39.76 0.25 40.96 39.2771572875 0.05 40.96
4 39.16 0.25 40.96 38.6771572875 0.05 40.96
4 39.16 0.25 40.96 38.6771572875 0.05 40.96
4 39.0216252153 0.25 41.0878960247 38.769340591 0.05 41.4995871144
4 39.0216252153 0.25 41.0878960247 38.769340591 0.05 41.4995871144
4 39.1234651698 0.25 41.4081532511 39.1989984112 0.05 41.8850513685
4 39.1234651698 0.25 41.4081532511 39.1989984112 0.05 41.8850513685
4 39.31 0.25 41.26 39.7928427125 0.05 41.26
4 39.31 0.25 41.26 39.7928427125 0.05 41.26
4 39.91 0.25 41.26 40.3928427125 0.05 41.26
4 39.91 0.25 41.26 40.3928427125 0.05 41.26
4 40.51 0.25 41.26 40.9928427125 0.05 41.26
4 40.51 0.25 41.26 40.9928427125 0.05 41.26
4 41.11 0.25 41.26 41.5928427125 0.05 41.26
4 41.11 0.25 41.26 41.5928427125 0.05 41.26
4 41.2483747847 0.25 41.3878960247 41.500659409 0.05 41.7995871144
4 41.2483747847 0.25 41.3878960247 41.500659409 0.05 41.7995871144
4 41.1465348302 0.25 41.7081532511 41.0710015888 0.05 42.1850513685
4 41.1465348302 0.25 41.7081532511 41.0710015888 0.05 42.1850513685
4 40.96 0.25 41.56 40.4771572875 0.05 41.56
4 40.96 0.25 41.56 40.4771572875 0.05 41.56
4 40.36 0.25 41.56 39.8771572875 0.05 41.56
4 40.36 0.25 41.56 39.8771572875 0.05 41.56
4 39.76 0.25 41.56 39.2771572875 0.05 41.56
4 39.76 0.25 41.56 39.2771572875 0.05 41.56
4 39.16 0.25 41.56 38.6771572875 0.05 41.56
4 39.16 0.25 41.56 38.6771572875 0.05 41.56
4 39.0216252153 0.25 41.6878960247 38.769340591 0.05 42.0995871144
4 39.0216252153 0.25 41.6878960247 38.769340591 0.05 42.0995871144
4 39.1234651698 0.25 42.0081532511 39.1989984112 0.05 42.4850513685
4 39.1234651698 0.25 42.0081532511 39.1989984112 0.05 42.4850513685
4 39.31 0.25 41.86 39.7928427125 0.05 41.86
4 39.31 0.25 41.86 39.7928427125 0.05 41.86
4 39.91 0.25 41.86 40.3928427125 0.05 41.86
4 39.91 0.25 41.86 40.3928427125 0.05 41.86
4 40.51 0.25 41.86 40.9928427125 0.05 41.86
4 40.51 0.25 41.86 40.9928427125 0.05 41.86
4 41.11 0.25 41.86 41.5928427125 0.05 41.86
4 41.11 0.25 41.86 41.5928427125 0.05 41.86
4 41.2483747847 0.25 41.9878960247 41.500659409 0.05 42.3995871144
4 41.2483747847 0.25 41.9878960247 41.500659409 0.05 42.3995871144
4 41.0559391052 0.25 41.9874172072 40.6887826261 0.05 42.3009984645
4 41.0559391052 0.25 41.9874172072 40.6887826261 0.05 42.3009984645
4 40.69 0.25 41.89 40.2071572875 0.05 41.89
4 40.69 0.25 41.89 40.2071572875 0.05 41.89
4 40.09 0.25 41.89 39.6071572875 0.05 41.89
4 40.09 0.25 41.89 39.6071572875 0.05 41.89
4 39.49 0.25 41.89 39.0071572875 0.05 41.89
4 39.49 0.25 41.89 39.0071572875 0.05 41.89
4 38.9518467489 0.25 41.9134651698 38.4749486315 0.05 41.9889984112
4 38.9518467489 0.25 41.9134651698 38.4749486315 0.05 41.9889984112
