38 SpotLight 3.0 1 1 1 33.3199157629 2.35503100954 37.202567406 0.04 0.0 0.0 -0.0 0.0 0.04
38 SpotLight 3.0 1 1 1 33.3199157629 2.35503100954 37.242567406 0.04 0.0 0.0 0.0 0.0 -0.04
38 SpotLight 3.0 1 1 1 33.0293607629 2.35437800954 37.198055406 0.04 0.0 0.0 -0.0 0.0 0.04
38 SpotLight 3.0 1 1 1 33.0293607629 2.35437800954 37.238055406 0.04 0.0 0.0 0.0 0.0 -0.04
38 SpotLight 3.0 1 1 1 32.8923037629 2.35578600954 36.948865006 0.04 0.0 0.0 -0.0 0.0 0.04
38 SpotLight 3.0 1 1 1 32.8923037629 2.35578600954 36.988865006 0.04 0.0 0.0 0.0 0.0 -0.04
38 SpotLight 3.0 1 1 1 33.0340777629 2.35537200954 36.703805406 0.04 0.0 0.0 -0.0 0.0 0.04
38 SpotLight 3.0 1 1 1 33.0340777629 2.35537200954 36.743805406 0.04 0.0 0.0 0.0 0.0 -0.04
38 SpotLight 3.0 1 1 1 33.3213577629 2.35578700954 36.704091406 0.04 0.0 0.0 -0.0 0.0 0.04
38 SpotLight 3.0 1 1 1 33.3213577629 2.35578700954 36.744091406 0.04 0.0 0.0 0.0 0.0 -0.04
38 SpotLight 3.0 1 1 1 33.4648797629 2.35558600954 36.946960676 0.04 0.0 0.0 -0.0 0.0 0.04
38 SpotLight 3.0 1 1 1 33.4648797629 2.35558600954 36.986960676 0.04 0.0 0.0 0.0 0.0 -0.04
39 SpotLight 3.0 1 1 1 33.3899154578 2.35503100954 40.6625703052 0.04 0.0 0.0 -0.0 0.0 0.04
39 SpotLight 3.0 1 1 1 33.3899154578 2.35503100954 40.7025703052 0.04 0.0 0.0 0.0 0.0 -0.04
39 SpotLight 3.0 1 1 1 33.0993604578 2.35437800954 40.6580583052 0.04 0.0 0.0 -0.0 0.0 0.04
39 SpotLight 3.0 1 1 1 33.0993604578 2.35437800954 40.6980583052 0.04 0.0 0.0 0.0 0.0 -0.04
39 SpotLight 3.0 1 1 1 32.9623034578 2.35578600954 40.4088679052 0.04 0.0 0.0 -0.0 0.0 0.04
39 SpotLight 3.0 1 1 1 32.9623034578 2.35578600954 40.4488679052 0.04 0.0 0.0 0.0 0.0 -0.04
39 SpotLight 3.0 1 1 1 33.1040774578 2.35537200954 40.1638083052 0.04 0.0 0.0 -0.0 0.0 0.04
39 SpotLight 3.0 1 1 1 33.1040774578 2.35537200954 40.2038083052 0.04 0.0 0.0 0.0 0.0 -0.04
39 SpotLight 3.0 1 1 1 33.3913574578 2.35578700954 40.1640943052 0.04 0.0 0.0 -0.0 0.0 0.04
39 SpotLight 3.0 1 1 1 33.3913574578 2.35578700954 40.2040943052 0.04 0.0 0.0 0.0 0.0 -0.04
39 SpotLight 3.0 1 1 1 33.5348794578 2.35558600954 40.4069635752 0.04 0.0 0.0 -0.0 0.0 0.04
39 SpotLight 3.0 1 1 1 33.5348794578 2.35558600954 40.4469635752 0.04 0.0 0.0 0.0 0.0 -0.04
40 PointLight 1.5 1 1 1 36.13 2.10999999046 42.2399989319 0.02
40 PointLight 1.5 1 1 1 36.37 2.10999999046 41.9999989319 0.02
40 PointLight 1.5 1 1 1 36.37 2.10999999046 42.2399989319 0.02
40 PointLight 1.5 1 1 1 36.13 2.10999999046 41.9999989319 0.02
41 SpotLight 3.0 1 1 1 37.7799148474 2.35503100954 36.4425690845 0.04 0.0 0.0 -0.0 0.0 0.04
41 SpotLight 3.0 1 1 1 37.7799148474 2.35503100954 36.4825690845 0.04 0.0 0.0 0.0 0.0 -0.04
41 SpotLight 3.0 1 1 1 37.4893598474 2.35437800954 36.4380570845 0.04 0.0 0.0 -0.0 0.0 0.04
41 SpotLight 3.0 1 1 1 37.4893598474 2.35437800954 36.4780570845 0.04 0.0 0.0 0.0 0.0 -0.04
41 SpotLight 3.0 1 1 1 37.3523028474 2.35578600954 36.1888666845 0.04 0.0 0.0 -0.0 0.0 0.04
41 SpotLight 3.0 1 1 1 37.3523028474 2.35578600954 36.2288666845 0.04 0.0 0.0 0.0 0.0 -0.04
41 SpotLight 3.0 1 1 1 37.4940768474 2.35537200954 35.9438070845 0.04 0.0 0.0 -0.0 0.0 0.04
41 SpotLight 3.0 1 1 1 37.4940768474 2.35537200954 35.9838070845 0.04 0.0 0.0 0.0 0.0 -0.04
41 SpotLight 3.0 1 1 1 37.7813568474 2.35578700954 35.9440930845 0.04 0.0 0.0 -0.0 0.0 0.04
41 SpotLight 3.0 1 1 1 37.7813568474 2.35578700954 35.9840930845 0.04 0.0 0.0 0.0 0.0 -0.04
41 SpotLight 3.0 1 1 1 37.9248788474 2.35558600954 36.1869623545 0.04 0.0 0.0 -0.0 0.0 0.04
41 SpotLight 3.0 1 1 1 37.9248788474 2.35558600954 36.2269623545 0.04 0.0 0.0 0.0 0.0 -0.04
42 SpotLight 3.0 1 1 1 37.6699142371 2.35503100954 38.7725709155 0.04 0.0 0.0 -0.0 0.0 0.04
42 SpotLight 3.0 1 1 1 37.6699142371 2.35503100954 38.8125709155 0.04 0.0 0.0 0.0 0.0 -0.04
42 SpotLight 3.0 1 1 1 37.3793592371 2.35437800954 38.7680589155 0.04 0.0 0.0 -0.0 0.0 0.04
42 SpotLight 3.0 1 1 1 37.3793592371 2.35437800954 38.8080589155 0.04 0.0 0.0 0.0 0.0 -0.04
42 SpotLight 3.0 1 1 1 37.2423022371 2.35578600954 38.5188685155 0.04 0.0 0.0 -0.0 0.0 0.04
42 SpotLight 3.0 1 1 1 37.2423022371 2.35578600954 38.5588685155 0.04 0.0 0.0 0.0 0.0 -0.04
42 SpotLight 3.0 1 1 1 37.3840762371 2.35537200954 38.2738089155 0.04 0.0 0.0 -0.0 0.0 0.04
42 SpotLight 3.0 1 1 1 37.3840762371 2.35537200954 38.3138089155 0.04 0.0 0.0 0.0 0.0 -0.04
42 SpotLight 3.0 1 1 1 37.6713562371 2.35578700954 38.2740949155 0.04 0.0 0.0 -0.0 0.0 0.04
42 SpotLight 3.0 1 1 1 37.6713562371 2.35578700954 38.3140949155 0.04 0.0 0.0 0.0 0.0 -0.04
42 SpotLight 3.0 1 1 1 37.8148782371 2.35558600954 38.5169641855 0.04 0.0 0.0 -0.0 0.0 0.04
42 SpotLight 3.0 1 1 1 37.8148782371 2.35558600954 38.5569641855 0.04 0.0 0.0 0.0 0.0 -0.04
43 PointLight 1.5 1 1 1 37.9999989319 2.10999999046 42.2100001526 0.02
43 PointLight 1.5 1 1 1 38.2399989319 2.10999999046 41.9700001526 0.02
43 PointLight 1.5 1 1 1 38.2399989319 2.10999999046 42.2100001526 0.02
43 PointLight 1.5 1 1 1 37.9999989319 2.10999999046 41.9700001526 0.02
67 SpotLight 2.0 1 1 1 40.3606513325 2.38735759249 41.8403592872 -0.0382755278467 0.0 0.0116182601131 -0.0108236112109 -0.0145390514631 -0.035657613814
67 SpotLight 2.0 1 1 1 39.8539069367 2.25300198659 41.6771242826 0.02810703472 0.0 0.0284604040598 -0.022803382251 0.0239341603398 0.0225202514805
67 SpotLight 2.0 1 1 1 39.7312171135 2.37102810515 41.2357534736 -0.0190836156509 0.0 0.035154169222 -0.0299230853728 0.020993923224 -0.0162438957592
67 SpotLight 2.0 1 1 1 40.0649746565 2.34247105826 40.8893223936 -0.0318841314613 0.0 0.0241537194022 -0.0217516556858 0.0173900169917 -0.0287132858439
67 SpotLight 2.0 1 1 1 40.5191516928 2.20103328836 41.0939604751 0.00523917443283 0.0 0.0396554038091 -0.0388810341813 -0.00786624321405 0.0051368666219
67 SpotLight 2.0 1 1 1 40.7189841597 2.32875892505 41.3527675361 1.78305652375e-05 0.0 0.0399999960259 -0.0371326240909 -0.0148717165835 1.65523935519e-05
68 PointLight 6.0 1 1 1 39.6499977112 2.33000001907 42.6599998474 0.02
69 SpotLight 3.0 1 1 1 42.2299156104 2.35503100954 39.0825722888 0.04 0.0 0.0 -0.0 0.0 0.04
69 SpotLight 3.0 1 1 1 42.2299156104 2.35503100954 39.1225722888 0.04 0.0 0.0 0.0 0.0 -0.04
69 SpotLight 3.0 1 1 1 41.9393606104 2.35437800954 39.0780602888 0.04 0.0 0.0 -0.0 0.0 0.04
69 SpotLight 3.0 1 1 1 41.9393606104 2.35437800954 39.1180602888 0.04 0.0 0.0 0.0 0.0 -0.04
69 SpotLight 3.0 1 1 1 41.8023036104 2.35578600954 38.8288698888 0.04 0.0 0.0 -0.0 0.0 0.04
69 SpotLight 3.0 1 1 1 41.8023036104 2.35578600954 38.8688698888 0.04 0.0 0.0 0.0 0.0 -0.04
69 SpotLight 3.0 1 1 1 41.9440776104 2.35537200954 38.5838102888 0.04 0.0 0.0 -0.0 0.0 0.04
69 SpotLight 3.0 1 1 1 41.9440776104 2.35537200954 38.6238102888 0.04 0.0 0.0 0.0 0.0 -0.04
69 SpotLight 3.0 1 1 1 42.2313576104 2.35578700954 38.5840962888 0.04 0.0 0.0 -0.0 0.0 0.04
69 SpotLight 3.0 1 1 1 42.2313576104 2.35578700954 38.6240962888 0.04 0.0 0.0 0.0 0.0 -0.04
69 SpotLight 3.0 1 1 1 42.3748796104 2.35558600954 38.8269655588 0.04 0.0 0.0 -0.0 0.0 0.04
69 SpotLight 3.0 1 1 1 42.3748796104 2.35558600954 38.8669655588 0.04 0.0 0.0 0.0 0.0 -0.04
