#first three elements, eye and last three, lookAt
#frame rate
#shutter_speed
0 35.61 0.25 35.56 36.0928427125 0.05 35.56
0 35.61 0.25 35.56 36.0928427125 0.05 35.56
0 36.21 0.25 35.56 36.6928427125 0.05 35.56
0 36.21 0.25 35.56 36.6928427125 0.05 35.56
0 36.81 0.25 35.56 37.2928427125 0.05 35.56
0 36.81 0.25 35.56 37.2928427125 0.05 35.56
0 37.41 0.25 35.56 37.8928427125 0.05 35.56
0 37.41 0.25 35.56 37.8928427125 0.05 35.56
0 38.01 0.25 35.56 38.4928427125 0.05 35.56
0 38.01 0.25 35.56 38.4928427125 0.05 35.56
0 38.61 0.25 35.56 39.0928427125 0.05 35.56
0 38.61 0.25 35.56 39.0928427125 0.05 35.56
0 39.21 0.25 35.56 39.6928427125 0.05 35.56
0 39.21 0.25 35.56 39.6928427125 0.05 35.56
0 39.81 0.25 35.56 40.2928427125 0.05 35.56
0 39.81 0.25 35.56 40.2928427125 0.05 35.56
0 40.3158554881 0.25 35.5950168046 40.785357218 0.05 35.7077341973
0 40.3158554881 0.25 35.5950168046 40.785357218 0.05 35.7077341973
0 40.17 0.25 35.8 40.17 0.05 36.2828427125
0 40.17 0.25 35.8 40.17 0.05 36.2828427125
0 40.0486474508 0.25 35.9481677878 39.6580194908 0.05 36.2319756134
0 40.0486474508 0.25 35.9481677878 39.6580194908 0.05 36.2319756134
0 39.66 0.25 35.86 39.1771572875 0.05 35.86
0 39.66 0.25 35.86 39.1771572875 0.05 35.86
0 39.06 0.25 35.86 38.5771572875 0.05 35.86
0 39.06 0.25 35.86 38.5771572875 0.05 35.86
0 38.46 0.25 35.86 37.9771572875 0.05 35.86
0 38.46 0.25 35.86 37.9771572875 0.05 35.86
0 37.86 0.25 35.86 37.3771572875 0.05 35.86
0 37.86 0.25 35.86 37.3771572875 0.05 35.86
0 37.26 0.25 35.86 36.7771572875 0.05 35.86
0 37.26 0.25 35.86 36.7771572875 0.05 35.86
0 36.66 0.25 35.86 36.1771572875 0.05 35.86
0 36.66 0.25 35.86 36.1771572875 0.05 35.86
0 36.06 0.25 35.86 35.5771572875 0.05 35.86
0 36.06 0.25 35.86 35.5771572875 0.05 35.86
0 35.46 0.25 35.86 34.9771572875 0.05 35.86
0 35.46 0.25 35.86 34.9771572875 0.05 35.86
0 35.3216252153 0.25 35.9878960247 35.069340591 0.05 36.3995871144
0 35.3216252153 0.25 35.9878960247 35.069340591 0.05 36.3995871144
0 35.4234651698 0.25 36.3081532511 35.4989984112 0.05 36.7850513685
0 35.4234651698 0.25 36.3081532511 35.4989984112 0.05 36.7850513685
0 35.61 0.25 36.16 36.0928427125 0.05 36.16
0 35.61 0.25 36.16 36.0928427125 0.05 36.16
0 36.21 0.25 36.16 36.6928427125 0.05 36.16
0 36.21 0.25 36.16 36.6928427125 0.05 36.16
0 36.81 0.25 36.16 37.2928427125 0.05 36.16
0 36.81 0.25 36.16 37.2928427125 0.05 36.16
0 37.41 0.25 36.16 37.8928427125 0.05 36.16
0 37.41 0.25 36.16 37.8928427125 0.05 36.16
0 38.01 0.25 36.16 38.4928427125 0.05 36.16
0 38.01 0.25 36.16 38.4928427125 0.05 36.16
0 38.61 0.25 36.16 39.0928427125 0.05 36.16
0 38.61 0.25 36.16 39.0928427125 0.05 36.16
0 39.21 0.25 36.16 39.6928427125 0.05 36.16
0 39.21 0.25 36.16 39.6928427125 0.05 36.16
0 39.81 0.25 36.16 40.2928427125 0.05 36.16
0 39.81 0.25 36.16 40.2928427125 0.05 36.16
0 40.3158554881 0.25 36.1950168046 40.785357218 0.05 36.3077341973
0 40.3158554881 0.25 36.1950168046 40.785357218 0.05 36.3077341973
0 40.17 0.25 36.4 40.17 0.05 36.8828427125
0 40.17 0.25 36.4 40.17 0.05 36.8828427125
0 40.0486474508 0.25 36.5481677878 39.6580194908 0.05 36.8319756134
0 40.0486474508 0.25 36.5481677878 39.6580194908 0.05 36.8319756134
0 39.66 0.25 36.46 39.1771572875 0.05 36.46
0 39.66 0.25 36.46 39.1771572875 0.05 36.46
0 39.06 0.25 36.46 38.5771572875 0.05 36.46
0 39.06 0.25 36.46 38.5771572875 0.05 36.46
0 38.46 0.25 36.46 37.9771572875 0.05 36.46
0 38.46 0.25 36.46 37.9771572875 0.05 36.46
0 37.86 0.25 36.46 37.3771572875 0.05 36.46
0 37.86 0.25 36.46 37.3771572875 0.05 36.46
0 37.26 0.25 36.46 36.7771572875 0.05 36.46
0 37.26 0.25 36.46 36.7771572875 0.05 36.46
0 36.66 0.25 36.46 36.1771572875 0.05 36.46
0 36.66 0.25 36.46 36.1771572875 0.05 36.46
0 36.06 0.25 36.46 35.5771572875 0.05 36.46
0 36.06 0.25 36.46 35.5771572875 0.05 36.46
0 35.46 0.25 36.46 34.9771572875 0.05 36.46
0 35.46 0.25 36.46 34.9771572875 0.05 36.46
0 35.3216252153 0.25 36.5878960247 35.069340591 0.05 36.9995871144
0 35.3216252153 0.25 36.5878960247 35.069340591 0.05 36.9995871144
0 35.4234651698 0.25 36.9081532511 35.4989984112 0.05 37.3850513685
0 35.4234651698 0.25 36.9081532511 35.4989984112 0.05 37.3850513685
0 35.61 0.25 36.76 36.0928427125 0.05 36.76
0 35.61 0.25 36.76 36.0928427125 0.05 36.76
0 36.21 0.25 36.76 36.6928427125 0.05 36.76
0 36.21 0.25 36.76 36.6928427125 0.05 36.76
0 36.81 0.25 36.76 37.2928427125 0.05 36.76
0 36.81 0.25 36.76 37.2928427125 0.05 36.76
0 37.41 0.25 36.76 37.8928427125 0.05 36.76
0 37.41 0.25 36.76 37.8928427125 0.05 36.76
0 38.01 0.25 36.76 38.4928427125 0.05 36.76
0 38.01 0.25 36.76 38.4928427125 0.05 36.76
0 38.61 0.25 36.76 39.0928427125 0.05 36.76
0 38.61 0.25 36.76 39.0928427125 0.05 36.76
0 39.21 0.25 36.76 39.6928427125 0.05 36.76
0 39.21 0.25 36.76 39.6928427125 0.05 36.76
0 39.81 0.25 36.76 40.2928427125 0.05 36.76
0 39.81 0.25 36.76 40.2928427125 0.05 36.76
0 40.3158554881 0.25 36.7950168046 40.785357218 0.05 36.9077341973
0 40.3158554881 0.25 36.7950168046 40.785357218 0.05 36.9077341973
0 40.17 0.25 37.0 40.17 0.05 37.4828427125
0 40.17 0.25 37.0 40.17 0.05 37.4828427125
0 40.0486474508 0.25 37.1481677878 39.6580194908 0.05 37.4319756134
0 40.0486474508 0.25 37.1481677878 39.6580194908 0.05 37.4319756134
0 39.66 0.25 37.06 39.1771572875 0.05 37.06
0 39.66 0.25 37.06 39.1771572875 0.05 37.06
0 39.06 0.25 37.06 38.5771572875 0.05 37.06
0 39.06 0.25 37.06 38.5771572875 0.05 37.06
0 38.46 0.25 37.06 37.9771572875 0.05 37.06
0 38.46 0.25 37.06 37.9771572875 0.05 37.06
0 37.86 0.25 37.06 37.3771572875 0.05 37.06
0 37.86 0.25 37.06 37.3771572875 0.05 37.06
0 37.26 0.25 37.06 36.7771572875 0.05 37.06
0 37.26 0.25 37.06 36.7771572875 0.05 37.06
0 36.66 0.25 37.06 36.1771572875 0.05 37.06
0 36.66 0.25 37.06 36.1771572875 0.05 37.06
0 36.06 0.25 37.06 35.5771572875 0.05 37.06
0 36.06 0.25 37.06 35.5771572875 0.05 37.06
0 35.46 0.25 37.06 34.9771572875 0.05 37.06
0 35.46 0.25 37.06 34.9771572875 0.05 37.06
0 35.3216252153 0.25 37.1878960247 35.069340591 0.05 37.5995871144
0 35.3216252153 0.25 37.1878960247 35.069340591 0.05 37.5995871144
0 35.4234651698 0.25 37.5081532511 35.4989984112 0.05 37.9850513685
0 35.4234651698 0.25 37.5081532511 35.4989984112 0.05 37.9850513685
0 35.61 0.25 37.36 36.0928427125 0.05 37.36
0 35.61 0.25 37.36 36.0928427125 0.05 37.36
0 36.21 0.25 37.36 36.6928427125 0.05 37.36
0 36.21 0.25 37.36 36.6928427125 0.05 37.36
0 36.81 0.25 37.36 37.2928427125 0.05 37.36
0 36.81 0.25 37.36 37.2928427125 0.05 37.36
0 37.41 0.25 37.36 37.8928427125 0.05 37.36
0 37.41 0.25 37.36 37.8928427125 0.05 37.36
0 38.01 0.25 37.36 38.4928427125 0.05 37.36
0 38.01 0.25 37.36 38.4928427125 0.05 37.36
0 38.61 0.25 37.36 39.0928427125 0.05 37.36
0 38.61 0.25 37.36 39.0928427125 0.05 37.36
0 39.21 0.25 37.36 39.6928427125 0.05 37.36
0 39.21 0.25 37.36 39.6928427125 0.05 37.36
0 39.81 0.25 37.36 40.2928427125 0.05 37.36
0 39.81 0.25 37.36 40.2928427125 0.05 37.36
0 40.3158554881 0.25 37.3950168046 40.785357218 0.05 37.5077341973
0 40.3158554881 0.25 37.3950168046 40.785357218 0.05 37.5077341973
0 40.17 0.25 37.6 40.17 0.05 38.0828427125
0 40.17 0.25 37.6 40.17 0.05 38.0828427125
0 40.0486474508 0.25 37.7481677878 39.6580194908 0.05 38.0319756134
0 40.0486474508 0.25 37.7481677878 39.6580194908 0.05 38.0319756134
0 39.66 0.25 37.66 39.1771572875 0.05 37.66
0 39.66 0.25 37.66 39.1771572875 0.05 37.66
0 39.06 0.25 37.66 38.5771572875 0.05 37.66
0 39.06 0.25 37.66 38.5771572875 0.05 37.66
0 38.46 0.25 37.66 37.9771572875 0.05 37.66
0 38.46 0.25 37.66 37.9771572875 0.05 37.66
0 37.86 0.25 37.66 37.3771572875 0.05 37.66
0 37.86 0.25 37.66 37.3771572875 0.05 37.66
0 37.26 0.25 37.66 36.7771572875 0.05 37.66
0 37.26 0.25 37.66 36.7771572875 0.05 37.66
0 36.66 0.25 37.66 36.1771572875 0.05 37.66
0 36.66 0.25 37.66 36.1771572875 0.05 37.66
0 36.06 0.25 37.66 35.5771572875 0.05 37.66
0 36.06 0.25 37.66 35.5771572875 0.05 37.66
0 35.46 0.25 37.66 34.9771572875 0.05 37.66
0 35.46 0.25 37.66 34.9771572875 0.05 37.66
0 35.3216252153 0.25 37.7878960247 35.069340591 0.05 38.1995871144
0 35.3216252153 0.25 37.7878960247 35.069340591 0.05 38.1995871144
0 35.4234651698 0.25 38.1081532511 35.4989984112 0.05 38.5850513685
0 35.4234651698 0.25 38.1081532511 35.4989984112 0.05 38.5850513685
0 35.61 0.25 37.96 36.0928427125 0.05 37.96
0 35.61 0.25 37.96 36.0928427125 0.05 37.96
0 36.21 0.25 37.96 36.6928427125 0.05 37.96
0 36.21 0.25 37.96 36.6928427125 0.05 37.96
0 36.81 0.25 37.96 37.2928427125 0.05 37.96
0 36.81 0.25 37.96 37.2928427125 0.05 37.96
0 37.41 0.25 37.96 37.8928427125 0.05 37.96
0 37.41 0.25 37.96 37.8928427125 0.05 37.96
0 38.01 0.25 37.96 38.4928427125 0.05 37.96
0 38.01 0.25 37.96 38.4928427125 0.05 37.96
0 38.61 0.25 37.96 39.0928427125 0.05 37.96
0 38.61 0.25 37.96 39.0928427125 0.05 37.96
0 39.21 0.25 37.96 39.6928427125 0.05 37.96
0 39.21 0.25 37.96 39.6928427125 0.05 37.96
0 39.81 0.25 37.96 40.2928427125 0.05 37.96
0 39.81 0.25 37.96 40.2928427125 0.05 37.96
0 40.3158554881 0.25 37.9950168046 40.785357218 0.05 38.1077341973
0 40.3158554881 0.25 37.9950168046 40.785357218 0.05 38.1077341973
0 40.17 0.25 38.2 40.17 0.05 38.6828427125
0 40.17 0.25 38.2 40.17 0.05 38.6828427125
0 40.0486474508 0.25 38.3481677878 39.6580194908 0.05 38.6319756134
0 40.0486474508 0.25 38.3481677878 39.6580194908 0.05 38.6319756134
0 39.66 0.25 38.26 39.1771572875 0.05 38.26
0 39.66 0.25 38.26 39.1771572875 0.05 38.26
0 39.06 0.25 38.26 38.5771572875 0.05 38.26
0 39.06 0.25 38.26 38.5771572875 0.05 38.26
0 38.46 0.25 38.26 37.9771572875 0.05 38.26
0 38.46 0.25 38.26 37.9771572875 0.05 38.26
0 37.86 0.25 38.26 37.3771572875 0.05 38.26
0 37.86 0.25 38.26 37.3771572875 0.05 38.26
0 37.26 0.25 38.26 36.7771572875 0.05 38.26
0 37.26 0.25 38.26 36.7771572875 0.05 38.26
0 36.66 0.25 38.26 36.1771572875 0.05 38.26
0 36.66 0.25 38.26 36.1771572875 0.05 38.26
0 36.06 0.25 38.26 35.5771572875 0.05 38.26
0 36.06 0.25 38.26 35.5771572875 0.05 38.26
0 35.46 0.25 38.26 34.9771572875 0.05 38.26
0 35.46 0.25 38.26 34.9771572875 0.05 38.26
0 35.3216252153 0.25 38.3878960247 35.069340591 0.05 38.7995871144
0 35.3216252153 0.25 38.3878960247 35.069340591 0.05 38.7995871144
0 35.4234651698 0.25 38.7081532511 35.4989984112 0.05 39.1850513685
0 35.4234651698 0.25 38.7081532511 35.4989984112 0.05 39.1850513685
0 35.61 0.25 38.56 36.0928427125 0.05 38.56
0 35.61 0.25 38.56 36.0928427125 0.05 38.56
0 36.21 0.25 38.56 36.6928427125 0.05 38.56
0 36.21 0.25 38.56 36.6928427125 0.05 38.56
0 36.81 0.25 38.56 37.2928427125 0.05 38.56
0 36.81 0.25 38.56 37.2928427125 0.05 38.56
0 37.41 0.25 38.56 37.8928427125 0.05 38.56
0 37.41 0.25 38.56 37.8928427125 0.05 38.56
0 38.01 0.25 38.56 38.4928427125 0.05 38.56
0 38.01 0.25 38.56 38.4928427125 0.05 38.56
0 38.61 0.25 38.56 39.0928427125 0.05 38.56
0 38.61 0.25 38.56 39.0928427125 0.05 38.56
0 39.21 0.25 38.56 39.6928427125 0.05 38.56
0 39.21 0.25 38.56 39.6928427125 0.05 38.56
0 39.81 0.25 38.56 40.2928427125 0.05 38.56
0 39.81 0.25 38.56 40.2928427125 0.05 38.56
0 40.3158554881 0.25 38.5950168046 40.785357218 0.05 38.7077341973
0 40.3158554881 0.25 38.5950168046 40.785357218 0.05 38.7077341973
0 40.17 0.25 38.8 40.17 0.05 39.2828427125
0 40.17 0.25 38.8 40.17 0.05 39.2828427125
0 40.0486474508 0.25 38.9481677878 39.6580194908 0.05 39.2319756134
0 40.0486474508 0.25 38.9481677878 39.6580194908 0.05 39.2319756134
0 39.66 0.25 38.86 39.1771572875 0.05 38.86
0 39.66 0.25 38.86 39.1771572875 0.05 38.86
0 39.06 0.25 38.86 38.5771572875 0.05 38.86
0 39.06 0.25 38.86 38.5771572875 0.05 38.86
0 38.46 0.25 38.86 37.9771572875 0.05 38.86
0 38.46 0.25 38.86 37.9771572875 0.05 38.86
0 37.86 0.25 38.86 37.3771572875 0.05 38.86
0 37.86 0.25 38.86 37.3771572875 0.05 38.86
0 37.26 0.25 38.86 36.7771572875 0.05 38.86
0 37.26 0.25 38.86 36.7771572875 0.05 38.86
0 36.66 0.25 38.86 36.1771572875 0.05 38.86
0 36.66 0.25 38.86 36.1771572875 0.05 38.86
0 36.06 0.25 38.86 35.5771572875 0.05 38.86
0 36.06 0.25 38.86 35.5771572875 0.05 38.86
0 35.46 0.25 38.86 34.9771572875 0.05 38.86
0 35.46 0.25 38.86 34.9771572875 0.05 38.86
0 35.3216252153 0.25 38.9878960247 35.069340591 0.05 39.3995871144
0 35.3216252153 0.25 38.9878960247 35.069340591 0.05 39.3995871144
0 35.4234651698 0.25 39.3081532511 35.4989984112 0.05 39.7850513685
0 35.4234651698 0.25 39.3081532511 35.4989984112 0.05 39.7850513685
0 35.61 0.25 39.16 36.0928427125 0.05 39.16
0 35.61 0.25 39.16 36.0928427125 0.05 39.16
0 36.21 0.25 39.16 36.6928427125 0.05 39.16
0 36.21 0.25 39.16 36.6928427125 0.05 39.16
0 36.81 0.25 39.16 37.2928427125 0.05 39.16
0 36.81 0.25 39.16 37.2928427125 0.05 39.16
0 37.41 0.25 39.16 37.8928427125 0.05 39.16
0 37.41 0.25 39.16 37.8928427125 0.05 39.16
0 38.01 0.25 39.16 38.4928427125 0.05 39.16
0 38.01 0.25 39.16 38.4928427125 0.05 39.16
0 38.61 0.25 39.16 39.0928427125 0.05 39.16
0 38.61 0.25 39.16 39.0928427125 0.05 39.16
0 39.21 0.25 39.16 39.6928427125 0.05 39.16
0 39.21 0.25 39.16 39.6928427125 0.05 39.16
0 39.81 0.25 39.16 40.2928427125 0.05 39.16
0 39.81 0.25 39.16 40.2928427125 0.05 39.16
0 40.3158554881 0.25 39.1950168046 40.785357218 0.05 39.3077341973
0 40.3158554881 0.25 39.1950168046 40.785357218 0.05 39.3077341973
0 40.17 0.25 39.4 40.17 0.05 39.8828427125
0 40.17 0.25 39.4 40.17 0.05 39.8828427125
0 40.0486474508 0.25 39.5481677878 39.6580194908 0.05 39.8319756134
0 40.0486474508 0.25 39.5481677878 39.6580194908 0.05 39.8319756134
0 39.66 0.25 39.46 39.1771572875 0.05 39.46
0 39.66 0.25 39.46 39.1771572875 0.05 39.46
0 39.06 0.25 39.46 38.5771572875 0.05 39.46
0 39.06 0.25 39.46 38.5771572875 0.05 39.46
0 38.46 0.25 39.46 37.9771572875 0.05 39.46
0 38.46 0.25 39.46 37.9771572875 0.05 39.46
0 37.86 0.25 39.46 37.3771572875 0.05 39.46
0 37.86 0.25 39.46 37.3771572875 0.05 39.46
0 37.26 0.25 39.46 36.7771572875 0.05 39.46
0 37.26 0.25 39.46 36.7771572875 0.05 39.46
0 36.66 0.25 39.46 36.1771572875 0.05 39.46
0 36.66 0.25 39.46 36.1771572875 0.05 39.46
0 36.06 0.25 39.46 35.5771572875 0.05 39.46
0 36.06 0.25 39.46 35.5771572875 0.05 39.46
0 35.46 0.25 39.46 34.9771572875 0.05 39.46
0 35.46 0.25 39.46 34.9771572875 0.05 39.46
0 35.3216252153 0.25 39.5878960247 35.069340591 0.05 39.9995871144
0 35.3216252153 0.25 39.5878960247 35.069340591 0.05 39.9995871144
0 35.4234651698 0.25 39.9081532511 35.4989984112 0.05 40.3850513685
0 35.4234651698 0.25 39.9081532511 35.4989984112 0.05 40.3850513685
0 35.61 0.25 39.76 36.0928427125 0.05 39.76
0 35.61 0.25 39.76 36.0928427125 0.05 39.76
0 36.21 0.25 39.76 36.6928427125 0.05 39.76
0 36.21 0.25 39.76 36.6928427125 0.05 39.76
0 36.81 0.25 39.76 37.2928427125 0.05 39.76
0 36.81 0.25 39.76 37.2928427125 0.05 39.76
0 37.41 0.25 39.76 37.8928427125 0.05 39.76
0 37.41 0.25 39.76 37.8928427125 0.05 39.76
0 38.01 0.25 39.76 38.4928427125 0.05 39.76
0 38.01 0.25 39.76 38.4928427125 0.05 39.76
0 38.61 0.25 39.76 39.0928427125 0.05 39.76
0 38.61 0.25 39.76 39.0928427125 0.05 39.76
0 39.21 0.25 39.76 39.6928427125 0.05 39.76
0 39.21 0.25 39.76 39.6928427125 0.05 39.76
0 39.81 0.25 39.76 40.2928427125 0.05 39.76
0 39.81 0.25 39.76 40.2928427125 0.05 39.76
0 40.3158554881 0.25 39.7950168046 40.785357218 0.05 39.9077341973
0 40.3158554881 0.25 39.7950168046 40.785357218 0.05 39.9077341973
0 40.17 0.25 40.0 40.17 0.05 40.4828427125
0 40.17 0.25 40.0 40.17 0.05 40.4828427125
0 40.0486474508 0.25 40.1481677878 39.6580194908 0.05 40.4319756134
0 40.0486474508 0.25 40.1481677878 39.6580194908 0.05 40.4319756134
0 39.66 0.25 40.06 39.1771572875 0.05 40.06
0 39.66 0.25 40.06 39.1771572875 0.05 40.06
0 39.06 0.25 40.06 38.5771572875 0.05 40.06
0 39.06 0.25 40.06 38.5771572875 0.05 40.06
0 38.46 0.25 40.06 37.9771572875 0.05 40.06
0 38.46 0.25 40.06 37.9771572875 0.05 40.06
0 37.86 0.25 40.06 37.3771572875 0.05 40.06
0 37.86 0.25 40.06 37.3771572875 0.05 40.06
0 37.26 0.25 40.06 36.7771572875 0.05 40.06
0 37.26 0.25 40.06 36.7771572875 0.05 40.06
0 36.66 0.25 40.06 36.1771572875 0.05 40.06
0 36.66 0.25 40.06 36.1771572875 0.05 40.06
0 36.06 0.25 40.06 35.5771572875 0.05 40.06
0 36.06 0.25 40.06 35.5771572875 0.05 40.06
0 35.46 0.25 40.06 34.9771572875 0.05 40.06
0 35.46 0.25 40.06 34.9771572875 0.05 40.06
0 35.3216252153 0.25 40.1878960247 35.069340591 0.05 40.5995871144
0 35.3216252153 0.25 40.1878960247 35.069340591 0.05 40.5995871144
0 35.4463525492 0.25 40.4426584774 35.5955591529 0.05 40.9018691855
0 35.4463525492 0.25 40.4426584774 35.5955591529 0.05 40.9018691855
0 35.67 0.25 40.3 36.1528427125 0.05 40.3
0 35.67 0.25 40.3 36.1528427125 0.05 40.3
0 36.27 0.25 40.3 36.7528427125 0.05 40.3
0 36.27 0.25 40.3 36.7528427125 0.05 40.3
0 36.87 0.25 40.3 37.3528427125 0.05 40.3
0 36.87 0.25 40.3 37.3528427125 0.05 40.3
0 37.47 0.25 40.3 37.9528427125 0.05 40.3
0 37.47 0.25 40.3 37.9528427125 0.05 40.3
0 38.07 0.25 40.3 38.5528427125 0.05 40.3
0 38.07 0.25 40.3 38.5528427125 0.05 40.3
0 38.67 0.25 40.3 39.1528427125 0.05 40.3
0 38.67 0.25 40.3 39.1528427125 0.05 40.3
0 39.27 0.25 40.3 39.7528427125 0.05 40.3
0 39.27 0.25 40.3 39.7528427125 0.05 40.3
0 39.87 0.25 40.3 40.3528427125 0.05 40.3
0 39.87 0.25 40.3 40.3528427125 0.05 40.3
0 40.3085819299 0.25 40.3574025149 40.7546704294 0.05 40.5421784214
0 40.3085819299 0.25 40.3574025149 40.7546704294 0.05 40.5421784214
