#first three elements, eye and last three, lookAt
#frame rate
#shutter_speed
5 31.31 0.25 35.56 31.7928427125 0.05 35.56
5 31.31 0.25 35.56 31.7928427125 0.05 35.56
5 31.91 0.25 35.56 32.3928427125 0.05 35.56
5 31.91 0.25 35.56 32.3928427125 0.05 35.56
5 32.51 0.25 35.56 32.9928427125 0.05 35.56
5 32.51 0.25 35.56 32.9928427125 0.05 35.56
5 33.11 0.25 35.56 33.5928427125 0.05 35.56
5 33.11 0.25 35.56 33.5928427125 0.05 35.56
5 33.71 0.25 35.56 34.1928427125 0.05 35.56
5 33.71 0.25 35.56 34.1928427125 0.05 35.56
5 34.31 0.25 35.56 34.7928427125 0.05 35.56
5 34.31 0.25 35.56 34.7928427125 0.05 35.56
5 34.91 0.25 35.56 35.3928427125 0.05 35.56
5 34.91 0.25 35.56 35.3928427125 0.05 35.56
5 35.1660660172 0.25 35.6660660172 35.5074873734 0.05 36.0074873734
5 35.1660660172 0.25 35.6660660172 35.5074873734 0.05 36.0074873734
5 35.06 0.25 36.01 35.06 0.05 36.4928427125
5 35.06 0.25 36.01 35.06 0.05 36.4928427125
5 34.9104623999 0.25 35.8717688644 34.4291081304 0.05 35.909652267
5 34.9104623999 0.25 35.8717688644 34.4291081304 0.05 35.909652267
5 34.34 0.25 35.86 33.8571572875 0.05 35.86
5 34.34 0.25 35.86 33.8571572875 0.05 35.86
5 33.74 0.25 35.86 33.2571572875 0.05 35.86
5 33.74 0.25 35.86 33.2571572875 0.05 35.86
5 33.14 0.25 35.86 32.6571572875 0.05 35.86
5 33.14 0.25 35.86 32.6571572875 0.05 35.86
5 32.54 0.25 35.86 32.0571572875 0.05 35.86
5 32.54 0.25 35.86 32.0571572875 0.05 35.86
5 31.94 0.25 35.86 31.4571572875 0.05 35.86
5 31.94 0.25 35.86 31.4571572875 0.05 35.86
5 31.34 0.25 35.86 30.8571572875 0.05 35.86
5 31.34 0.25 35.86 30.8571572875 0.05 35.86
5 30.9721039753 0.25 35.9383747847 30.5604128856 0.05 36.190659409
5 30.9721039753 0.25 35.9383747847 30.5604128856 0.05 36.190659409
5 31.1 0.25 36.22 31.1 0.05 36.7028427125
5 31.1 0.25 36.22 31.1 0.05 36.7028427125
5 31.2426584774 0.25 36.2063525492 31.7018691855 0.05 36.3555591529
5 31.2426584774 0.25 36.2063525492 31.7018691855 0.05 36.3555591529
5 31.73 0.25 36.16 32.2128427125 0.05 36.16
5 31.73 0.25 36.16 32.2128427125 0.05 36.16
5 32.33 0.25 36.16 32.8128427125 0.05 36.16
5 32.33 0.25 36.16 32.8128427125 0.05 36.16
5 32.93 0.25 36.16 33.4128427125 0.05 36.16
5 32.93 0.25 36.16 33.4128427125 0.05 36.16
5 33.53 0.25 36.16 34.0128427125 0.05 36.16
5 33.53 0.25 36.16 34.0128427125 0.05 36.16
5 34.13 0.25 36.16 34.6128427125 0.05 36.16
5 34.13 0.25 36.16 34.6128427125 0.05 36.16
5 34.73 0.25 36.16 35.2128427125 0.05 36.16
5 34.73 0.25 36.16 35.2128427125 0.05 36.16
5 35.2026584774 0.25 36.2063525492 35.6618691855 0.05 36.3555591529
5 35.2026584774 0.25 36.2063525492 35.6618691855 0.05 36.3555591529
5 35.06 0.25 36.43 35.06 0.05 36.9128427125
5 35.06 0.25 36.43 35.06 0.05 36.9128427125
5 34.9321039753 0.25 36.5383747847 34.5204128856 0.05 36.790659409
5 34.9321039753 0.25 36.5383747847 34.5204128856 0.05 36.790659409
5 34.52 0.25 36.46 34.0371572875 0.05 36.46
5 34.52 0.25 36.46 34.0371572875 0.05 36.46
5 33.92 0.25 36.46 33.4371572875 0.05 36.46
5 33.92 0.25 36.46 33.4371572875 0.05 36.46
5 33.32 0.25 36.46 32.8371572875 0.05 36.46
5 33.32 0.25 36.46 32.8371572875 0.05 36.46
5 32.72 0.25 36.46 32.2371572875 0.05 36.46
5 32.72 0.25 36.46 32.2371572875 0.05 36.46
5 32.12 0.25 36.46 31.6371572875 0.05 36.46
5 32.12 0.25 36.46 31.6371572875 0.05 36.46
5 31.52 0.25 36.46 31.0371572875 0.05 36.46
5 31.52 0.25 36.46 31.0371572875 0.05 36.46
5 30.9504623999 0.25 36.4717688644 30.4691081304 0.05 36.509652267
5 30.9504623999 0.25 36.4717688644 30.4691081304 0.05 36.509652267
5 31.1 0.25 36.64 31.1 0.05 37.1228427125
5 31.1 0.25 36.64 31.1 0.05 37.1228427125
5 31.2060660172 0.25 36.8660660172 31.5474873734 0.05 37.2074873734
5 31.2060660172 0.25 36.8660660172 31.5474873734 0.05 37.2074873734
5 31.55 0.25 36.76 32.0328427125 0.05 36.76
5 31.55 0.25 36.76 32.0328427125 0.05 36.76
5 32.15 0.25 36.76 32.6328427125 0.05 36.76
5 32.15 0.25 36.76 32.6328427125 0.05 36.76
5 32.75 0.25 36.76 33.2328427125 0.05 36.76
5 32.75 0.25 36.76 33.2328427125 0.05 36.76
5 33.35 0.25 36.76 33.8328427125 0.05 36.76
5 33.35 0.25 36.76 33.8328427125 0.05 36.76
5 33.95 0.25 36.76 34.4328427125 0.05 36.76
5 33.95 0.25 36.76 34.4328427125 0.05 36.76
5 34.55 0.25 36.76 35.0328427125 0.05 36.76
5 34.55 0.25 36.76 35.0328427125 0.05 36.76
5 35.15 0.25 36.76 35.6328427125 0.05 36.76
5 35.15 0.25 36.76 35.6328427125 0.05 36.76
5 35.0834651698 0.25 36.9081532511 35.1589984112 0.05 37.3850513685
5 35.0834651698 0.25 36.9081532511 35.1589984112 0.05 37.3850513685
5 34.9816252153 0.25 37.1878960247 34.729340591 0.05 37.5995871144
5 34.9816252153 0.25 37.1878960247 34.729340591 0.05 37.5995871144
5 34.7 0.25 37.06 34.2171572875 0.05 37.06
5 34.7 0.25 37.06 34.2171572875 0.05 37.06
5 34.1 0.25 37.06 33.6171572875 0.05 37.06
5 34.1 0.25 37.06 33.6171572875 0.05 37.06
5 33.5 0.25 37.06 33.0171572875 0.05 37.06
5 33.5 0.25 37.06 33.0171572875 0.05 37.06
5 32.9 0.25 37.06 32.4171572875 0.05 37.06
5 32.9 0.25 37.06 32.4171572875 0.05 37.06
5 32.3 0.25 37.06 31.8171572875 0.05 37.06
5 32.3 0.25 37.06 31.8171572875 0.05 37.06
5 31.7 0.25 37.06 31.2171572875 0.05 37.06
5 31.7 0.25 37.06 31.2171572875 0.05 37.06
5 31.1 0.25 37.06 30.6171572875 0.05 37.06
5 31.1 0.25 37.06 30.6171572875 0.05 37.06
5 31.0425974851 0.25 37.1985819299 30.8578215786 0.05 37.6446704294
5 31.0425974851 0.25 37.1985819299 30.8578215786 0.05 37.6446704294
5 31.1463525492 0.25 37.5026584774 31.2955591529 0.05 37.9618691855
5 31.1463525492 0.25 37.5026584774 31.2955591529 0.05 37.9618691855
5 31.37 0.25 37.36 31.8528427125 0.05 37.36
5 31.37 0.25 37.36 31.8528427125 0.05 37.36
5 31.97 0.25 37.36 32.4528427125 0.05 37.36
5 31.97 0.25 37.36 32.4528427125 0.05 37.36
5 32.57 0.25 37.36 33.0528427125 0.05 37.36
5 32.57 0.25 37.36 33.0528427125 0.05 37.36
5 33.17 0.25 37.36 33.6528427125 0.05 37.36
5 33.17 0.25 37.36 33.6528427125 0.05 37.36
5 33.77 0.25 37.36 34.2528427125 0.05 37.36
5 33.77 0.25 37.36 34.2528427125 0.05 37.36
5 34.37 0.25 37.36 34.8528427125 0.05 37.36
5 34.37 0.25 37.36 34.8528427125 0.05 37.36
5 34.97 0.25 37.36 35.4528427125 0.05 37.36
5 34.97 0.25 37.36 35.4528427125 0.05 37.36
5 35.1481677878 0.25 37.4813525492 35.4319756134 0.05 37.8719805092
5 35.1481677878 0.25 37.4813525492 35.4319756134 0.05 37.8719805092
5 35.0482311356 0.25 37.8095376001 35.010347733 0.05 38.2908918696
5 35.0482311356 0.25 37.8095376001 35.010347733 0.05 38.2908918696
5 34.88 0.25 37.66 34.3971572875 0.05 37.66
5 34.88 0.25 37.66 34.3971572875 0.05 37.66
5 34.28 0.25 37.66 33.7971572875 0.05 37.66
5 34.28 0.25 37.66 33.7971572875 0.05 37.66
5 33.68 0.25 37.66 33.1971572875 0.05 37.66
5 33.68 0.25 37.66 33.1971572875 0.05 37.66
5 33.08 0.25 37.66 32.5971572875 0.05 37.66
5 33.08 0.25 37.66 32.5971572875 0.05 37.66
5 32.48 0.25 37.66 31.9971572875 0.05 37.66
5 32.48 0.25 37.66 31.9971572875 0.05 37.66
5 31.88 0.25 37.66 31.3971572875 0.05 37.66
5 31.88 0.25 37.66 31.3971572875 0.05 37.66
5 31.28 0.25 37.66 30.7971572875 0.05 37.66
5 31.28 0.25 37.66 30.7971572875 0.05 37.66
5 30.9859391052 0.25 37.7574172072 30.6187826261 0.05 38.0709984645
5 30.9859391052 0.25 37.7574172072 30.6187826261 0.05 38.0709984645
5 31.1 0.25 38.08 31.1 0.05 38.5628427125
5 31.1 0.25 38.08 31.1 0.05 38.5628427125
5 31.2481532511 0.25 37.9834651698 31.7250513685 0.05 38.0589984112
5 31.2481532511 0.25 37.9834651698 31.7250513685 0.05 38.0589984112
5 31.79 0.25 37.96 32.2728427125 0.05 37.96
5 31.79 0.25 37.96 32.2728427125 0.05 37.96
5 32.39 0.25 37.96 32.8728427125 0.05 37.96
5 32.39 0.25 37.96 32.8728427125 0.05 37.96
5 32.99 0.25 37.96 33.4728427125 0.05 37.96
5 32.99 0.25 37.96 33.4728427125 0.05 37.96
5 33.59 0.25 37.96 34.0728427125 0.05 37.96
5 33.59 0.25 37.96 34.0728427125 0.05 37.96
5 34.19 0.25 37.96 34.6728427125 0.05 37.96
5 34.19 0.25 37.96 34.6728427125 0.05 37.96
5 34.79 0.25 37.96 35.2728427125 0.05 37.96
5 34.79 0.25 37.96 35.2728427125 0.05 37.96
5 35.1936509786 0.25 38.028098575 35.6238669856 0.05 38.2473045793
5 35.1936509786 0.25 38.028098575 35.6238669856 0.05 38.2473045793
5 35.06 0.25 38.29 35.06 0.05 38.7728427125
5 35.06 0.25 38.29 35.06 0.05 38.7728427125
5 34.9214180701 0.25 38.3174025149 34.4753295706 0.05 38.5021784214
5 34.9214180701 0.25 38.3174025149 34.4753295706 0.05 38.5021784214
5 34.46 0.25 38.26 33.9771572875 0.05 38.26
5 34.46 0.25 38.26 33.9771572875 0.05 38.26
5 33.86 0.25 38.26 33.3771572875 0.05 38.26
5 33.86 0.25 38.26 33.3771572875 0.05 38.26
5 33.26 0.25 38.26 32.7771572875 0.05 38.26
5 33.26 0.25 38.26 32.7771572875 0.05 38.26
5 32.66 0.25 38.26 32.1771572875 0.05 38.26
5 32.66 0.25 38.26 32.1771572875 0.05 38.26
5 32.06 0.25 38.26 31.5771572875 0.05 38.26
5 32.06 0.25 38.26 31.5771572875 0.05 38.26
5 31.46 0.25 38.26 30.9771572875 0.05 38.26
5 31.46 0.25 38.26 30.9771572875 0.05 38.26
5 30.9541445119 0.25 38.2950168046 30.484642782 0.05 38.4077341973
5 30.9541445119 0.25 38.2950168046 30.484642782 0.05 38.4077341973
5 31.1 0.25 38.5 31.1 0.05 38.9828427125
5 31.1 0.25 38.5 31.1 0.05 38.9828427125
5 31.2213525492 0.25 38.6481677878 31.6119805092 0.05 38.9319756134
5 31.2213525492 0.25 38.6481677878 31.6119805092 0.05 38.9319756134
5 31.61 0.25 38.56 32.0928427125 0.05 38.56
5 31.61 0.25 38.56 32.0928427125 0.05 38.56
5 32.21 0.25 38.56 32.6928427125 0.05 38.56
5 32.21 0.25 38.56 32.6928427125 0.05 38.56
5 32.81 0.25 38.56 33.2928427125 0.05 38.56
5 32.81 0.25 38.56 33.2928427125 0.05 38.56
5 33.41 0.25 38.56 33.8928427125 0.05 38.56
5 33.41 0.25 38.56 33.8928427125 0.05 38.56
5 34.01 0.25 38.56 34.4928427125 0.05 38.56
5 34.01 0.25 38.56 34.4928427125 0.05 38.56
5 34.61 0.25 38.56 35.0928427125 0.05 38.56
5 34.61 0.25 38.56 35.0928427125 0.05 38.56
5 35.21 0.25 38.56 35.6928427125 0.05 38.56
5 35.21 0.25 38.56 35.6928427125 0.05 38.56
5 35.06 0.25 38.71 35.06 0.05 39.1928427125
5 35.06 0.25 38.71 35.06 0.05 39.1928427125
5 34.9214180701 0.25 38.7374025149 34.4753295706 0.05 38.9221784214
5 34.9214180701 0.25 38.7374025149 34.4753295706 0.05 38.9221784214
5 34.46 0.25 38.68 33.9771572875 0.05 38.68
5 34.46 0.25 38.68 33.9771572875 0.05 38.68
5 33.86 0.25 38.68 33.3771572875 0.05 38.68
5 33.86 0.25 38.68 33.3771572875 0.05 38.68
5 33.26 0.25 38.68 32.7771572875 0.05 38.68
5 33.26 0.25 38.68 32.7771572875 0.05 38.68
5 32.66 0.25 38.68 32.1771572875 0.05 38.68
5 32.66 0.25 38.68 32.1771572875 0.05 38.68
5 32.06 0.25 38.68 31.5771572875 0.05 38.68
5 32.06 0.25 38.68 31.5771572875 0.05 38.68
5 31.46 0.25 38.68 30.9771572875 0.05 38.68
5 31.46 0.25 38.68 30.9771572875 0.05 38.68
5 30.9541445119 0.25 38.7150168046 30.484642782 0.05 38.8277341973
5 30.9541445119 0.25 38.7150168046 30.484642782 0.05 38.8277341973
