#first three elements, eye and last three, lookAt
#frame rate
#shutter_speed
1 31.31 0.25 39.06 31.7928427125 0.05 39.06
1 31.31 0.25 39.06 31.7928427125 0.05 39.06
1 31.91 0.25 39.06 32.3928427125 0.05 39.06
1 31.91 0.25 39.06 32.3928427125 0.05 39.06
1 32.51 0.25 39.06 32.9928427125 0.05 39.06
1 32.51 0.25 39.06 32.9928427125 0.05 39.06
1 33.11 0.25 39.06 33.5928427125 0.05 39.06
1 33.11 0.25 39.06 33.5928427125 0.05 39.06
1 33.71 0.25 39.06 34.1928427125 0.05 39.06
1 33.71 0.25 39.06 34.1928427125 0.05 39.06
1 34.31 0.25 39.06 34.7928427125 0.05 39.06
1 34.31 0.25 39.06 34.7928427125 0.05 39.06
1 34.91 0.25 39.06 35.3928427125 0.05 39.06
1 34.91 0.25 39.06 35.3928427125 0.05 39.06
1 35.1660660172 0.25 39.1660660172 35.5074873734 0.05 39.5074873734
1 35.1660660172 0.25 39.1660660172 35.5074873734 0.05 39.5074873734
1 35.06 0.25 39.51 35.06 0.05 39.9928427125
1 35.06 0.25 39.51 35.06 0.05 39.9928427125
1 34.9104623999 0.25 39.3717688644 34.4291081304 0.05 39.409652267
1 34.9104623999 0.25 39.3717688644 34.4291081304 0.05 39.409652267
1 34.34 0.25 39.36 33.8571572875 0.05 39.36
1 34.34 0.25 39.36 33.8571572875 0.05 39.36
1 33.74 0.25 39.36 33.2571572875 0.05 39.36
1 33.74 0.25 39.36 33.2571572875 0.05 39.36
1 33.14 0.25 39.36 32.6571572875 0.05 39.36
1 33.14 0.25 39.36 32.6571572875 0.05 39.36
1 32.54 0.25 39.36 32.0571572875 0.05 39.36
1 32.54 0.25 39.36 32.0571572875 0.05 39.36
1 31.94 0.25 39.36 31.4571572875 0.05 39.36
1 31.94 0.25 39.36 31.4571572875 0.05 39.36
1 31.34 0.25 39.36 30.8571572875 0.05 39.36
1 31.34 0.25 39.36 30.8571572875 0.05 39.36
1 30.9721039753 0.25 39.4383747847 30.5604128856 0.05 39.690659409
1 30.9721039753 0.25 39.4383747847 30.5604128856 0.05 39.690659409
1 31.1 0.25 39.72 31.1 0.05 40.2028427125
1 31.1 0.25 39.72 31.1 0.05 40.2028427125
1 31.2426584774 0.25 39.7063525492 31.7018691855 0.05 39.8555591529
1 31.2426584774 0.25 39.7063525492 31.7018691855 0.05 39.8555591529
1 31.73 0.25 39.66 32.2128427125 0.05 39.66
1 31.73 0.25 39.66 32.2128427125 0.05 39.66
1 32.33 0.25 39.66 32.8128427125 0.05 39.66
1 32.33 0.25 39.66 32.8128427125 0.05 39.66
1 32.93 0.25 39.66 33.4128427125 0.05 39.66
1 32.93 0.25 39.66 33.4128427125 0.05 39.66
1 33.53 0.25 39.66 34.0128427125 0.05 39.66
1 33.53 0.25 39.66 34.0128427125 0.05 39.66
1 34.13 0.25 39.66 34.6128427125 0.05 39.66
1 34.13 0.25 39.66 34.6128427125 0.05 39.66
1 34.73 0.25 39.66 35.2128427125 0.05 39.66
1 34.73 0.25 39.66 35.2128427125 0.05 39.66
1 35.2026584774 0.25 39.7063525492 35.6618691855 0.05 39.8555591529
1 35.2026584774 0.25 39.7063525492 35.6618691855 0.05 39.8555591529
1 35.06 0.25 39.93 35.06 0.05 40.4128427125
1 35.06 0.25 39.93 35.06 0.05 40.4128427125
1 34.9321039753 0.25 40.0383747847 34.5204128856 0.05 40.290659409
1 34.9321039753 0.25 40.0383747847 34.5204128856 0.05 40.290659409
1 34.52 0.25 39.96 34.0371572875 0.05 39.96
1 34.52 0.25 39.96 34.0371572875 0.05 39.96
1 33.92 0.25 39.96 33.4371572875 0.05 39.96
1 33.92 0.25 39.96 33.4371572875 0.05 39.96
1 33.32 0.25 39.96 32.8371572875 0.05 39.96
1 33.32 0.25 39.96 32.8371572875 0.05 39.96
1 32.72 0.25 39.96 32.2371572875 0.05 39.96
1 32.72 0.25 39.96 32.2371572875 0.05 39.96
1 32.12 0.25 39.96 31.6371572875 0.05 39.96
1 32.12 0.25 39.96 31.6371572875 0.05 39.96
1 31.52 0.25 39.96 31.0371572875 0.05 39.96
1 31.52 0.25 39.96 31.0371572875 0.05 39.96
1 30.9504623999 0.25 39.9717688644 30.4691081304 0.05 40.009652267
1 30.9504623999 0.25 39.9717688644 30.4691081304 0.05 40.009652267
1 31.1 0.25 40.14 31.1 0.05 40.6228427125
1 31.1 0.25 40.14 31.1 0.05 40.6228427125
1 31.2060660172 0.25 40.3660660172 31.5474873734 0.05 40.7074873734
1 31.2060660172 0.25 40.3660660172 31.5474873734 0.05 40.7074873734
1 31.55 0.25 40.26 32.0328427125 0.05 40.26
1 31.55 0.25 40.26 32.0328427125 0.05 40.26
1 32.15 0.25 40.26 32.6328427125 0.05 40.26
1 32.15 0.25 40.26 32.6328427125 0.05 40.26
1 32.75 0.25 40.26 33.2328427125 0.05 40.26
1 32.75 0.25 40.26 33.2328427125 0.05 40.26
1 33.35 0.25 40.26 33.8328427125 0.05 40.26
1 33.35 0.25 40.26 33.8328427125 0.05 40.26
1 33.95 0.25 40.26 34.4328427125 0.05 40.26
1 33.95 0.25 40.26 34.4328427125 0.05 40.26
1 34.55 0.25 40.26 35.0328427125 0.05 40.26
1 34.55 0.25 40.26 35.0328427125 0.05 40.26
1 35.15 0.25 40.26 35.6328427125 0.05 40.26
1 35.15 0.25 40.26 35.6328427125 0.05 40.26
1 35.0834651698 0.25 40.4081532511 35.1589984112 0.05 40.8850513685
1 35.0834651698 0.25 40.4081532511 35.1589984112 0.05 40.8850513685
1 34.9816252153 0.25 40.6878960247 34.729340591 0.05 41.0995871144
1 34.9816252153 0.25 40.6878960247 34.729340591 0.05 41.0995871144
1 34.7 0.25 40.56 34.2171572875 0.05 40.56
1 34.7 0.25 40.56 34.2171572875 0.05 40.56
1 34.1 0.25 40.56 33.6171572875 0.05 40.56
1 34.1 0.25 40.56 33.6171572875 0.05 40.56
1 33.5 0.25 40.56 33.0171572875 0.05 40.56
1 33.5 0.25 40.56 33.0171572875 0.05 40.56
1 32.9 0.25 40.56 32.4171572875 0.05 40.56
1 32.9 0.25 40.56 32.4171572875 0.05 40.56
1 32.3 0.25 40.56 31.8171572875 0.05 40.56
1 32.3 0.25 40.56 31.8171572875 0.05 40.56
1 31.7 0.25 40.56 31.2171572875 0.05 40.56
1 31.7 0.25 40.56 31.2171572875 0.05 40.56
1 31.1 0.25 40.56 30.6171572875 0.05 40.56
1 31.1 0.25 40.56 30.6171572875 0.05 40.56
1 31.0425974851 0.25 40.6985819299 30.8578215786 0.05 41.1446704294
1 31.0425974851 0.25 40.6985819299 30.8578215786 0.05 41.1446704294
1 31.1463525492 0.25 41.0026584774 31.2955591529 0.05 41.4618691855
1 31.1463525492 0.25 41.0026584774 31.2955591529 0.05 41.4618691855
1 31.37 0.25 40.86 31.8528427125 0.05 40.86
1 31.37 0.25 40.86 31.8528427125 0.05 40.86
1 31.97 0.25 40.86 32.4528427125 0.05 40.86
1 31.97 0.25 40.86 32.4528427125 0.05 40.86
1 32.57 0.25 40.86 33.0528427125 0.05 40.86
1 32.57 0.25 40.86 33.0528427125 0.05 40.86
1 33.17 0.25 40.86 33.6528427125 0.05 40.86
1 33.17 0.25 40.86 33.6528427125 0.05 40.86
1 33.77 0.25 40.86 34.2528427125 0.05 40.86
1 33.77 0.25 40.86 34.2528427125 0.05 40.86
1 34.37 0.25 40.86 34.8528427125 0.05 40.86
1 34.37 0.25 40.86 34.8528427125 0.05 40.86
1 34.97 0.25 40.86 35.4528427125 0.05 40.86
1 34.97 0.25 40.86 35.4528427125 0.05 40.86
1 35.57 0.25 40.86 36.0528427125 0.05 40.86
1 35.57 0.25 40.86 36.0528427125 0.05 40.86
1 36.17 0.25 40.86 36.6528427125 0.05 40.86
1 36.17 0.25 40.86 36.6528427125 0.05 40.86
1 36.77 0.25 40.86 37.2528427125 0.05 40.86
1 36.77 0.25 40.86 37.2528427125 0.05 40.86
1 36.9481677878 0.25 40.9813525492 37.2319756134 0.05 41.3719805092
1 36.9481677878 0.25 40.9813525492 37.2319756134 0.05 41.3719805092
1 36.8482311356 0.25 41.3095376001 36.810347733 0.05 41.7908918696
1 36.8482311356 0.25 41.3095376001 36.810347733 0.05 41.7908918696
1 36.68 0.25 41.16 36.1971572875 0.05 41.16
1 36.68 0.25 41.16 36.1971572875 0.05 41.16
1 36.08 0.25 41.16 35.5971572875 0.05 41.16
1 36.08 0.25 41.16 35.5971572875 0.05 41.16
1 35.48 0.25 41.16 34.9971572875 0.05 41.16
1 35.48 0.25 41.16 34.9971572875 0.05 41.16
1 34.88 0.25 41.16 34.3971572875 0.05 41.16
1 34.88 0.25 41.16 34.3971572875 0.05 41.16
1 34.28 0.25 41.16 33.7971572875 0.05 41.16
1 34.28 0.25 41.16 33.7971572875 0.05 41.16
1 33.68 0.25 41.16 33.1971572875 0.05 41.16
1 33.68 0.25 41.16 33.1971572875 0.05 41.16
1 33.08 0.25 41.16 32.5971572875 0.05 41.16
1 33.08 0.25 41.16 32.5971572875 0.05 41.16
1 32.48 0.25 41.16 31.9971572875 0.05 41.16
1 32.48 0.25 41.16 31.9971572875 0.05 41.16
1 31.88 0.25 41.16 31.3971572875 0.05 41.16
1 31.88 0.25 41.16 31.3971572875 0.05 41.16
1 31.28 0.25 41.16 30.7971572875 0.05 41.16
1 31.28 0.25 41.16 30.7971572875 0.05 41.16
1 30.9859391052 0.25 41.2574172072 30.6187826261 0.05 41.5709984645
1 30.9859391052 0.25 41.2574172072 30.6187826261 0.05 41.5709984645
1 31.1 0.25 41.58 31.1 0.05 42.0628427125
1 31.1 0.25 41.58 31.1 0.05 42.0628427125
1 31.2481532511 0.25 41.4834651698 31.7250513685 0.05 41.5589984112
1 31.2481532511 0.25 41.4834651698 31.7250513685 0.05 41.5589984112
1 31.79 0.25 41.46 32.2728427125 0.05 41.46
1 31.79 0.25 41.46 32.2728427125 0.05 41.46
1 32.39 0.25 41.46 32.8728427125 0.05 41.46
1 32.39 0.25 41.46 32.8728427125 0.05 41.46
1 32.99 0.25 41.46 33.4728427125 0.05 41.46
1 32.99 0.25 41.46 33.4728427125 0.05 41.46
1 33.59 0.25 41.46 34.0728427125 0.05 41.46
1 33.59 0.25 41.46 34.0728427125 0.05 41.46
1 34.19 0.25 41.46 34.6728427125 0.05 41.46
1 34.19 0.25 41.46 34.6728427125 0.05 41.46
1 34.79 0.25 41.46 35.2728427125 0.05 41.46
1 34.79 0.25 41.46 35.2728427125 0.05 41.46
1 35.39 0.25 41.46 35.8728427125 0.05 41.46
1 35.39 0.25 41.46 35.8728427125 0.05 41.46
1 35.99 0.25 41.46 36.4728427125 0.05 41.46
1 35.99 0.25 41.46 36.4728427125 0.05 41.46
1 36.59 0.25 41.46 37.0728427125 0.05 41.46
1 36.59 0.25 41.46 37.0728427125 0.05 41.46
1 36.9936509786 0.25 41.528098575 37.4238669856 0.05 41.7473045793
1 36.9936509786 0.25 41.528098575 37.4238669856 0.05 41.7473045793
1 36.86 0.25 41.79 36.86 0.05 42.2728427125
1 36.86 0.25 41.79 36.86 0.05 42.2728427125
1 36.7214180701 0.25 41.8174025149 36.2753295706 0.05 42.0021784214
1 36.7214180701 0.25 41.8174025149 36.2753295706 0.05 42.0021784214
1 36.26 0.25 41.76 35.7771572875 0.05 41.76
1 36.26 0.25 41.76 35.7771572875 0.05 41.76
1 35.66 0.25 41.76 35.1771572875 0.05 41.76
1 35.66 0.25 41.76 35.1771572875 0.05 41.76
1 35.06 0.25 41.76 34.5771572875 0.05 41.76
1 35.06 0.25 41.76 34.5771572875 0.05 41.76
1 34.46 0.25 41.76 33.9771572875 0.05 41.76
1 34.46 0.25 41.76 33.9771572875 0.05 41.76
1 33.86 0.25 41.76 33.3771572875 0.05 41.76
1 33.86 0.25 41.76 33.3771572875 0.05 41.76
1 33.26 0.25 41.76 32.7771572875 0.05 41.76
1 33.26 0.25 41.76 32.7771572875 0.05 41.76
1 32.66 0.25 41.76 32.1771572875 0.05 41.76
1 32.66 0.25 41.76 32.1771572875 0.05 41.76
1 32.06 0.25 41.76 31.5771572875 0.05 41.76
1 32.06 0.25 41.76 31.5771572875 0.05 41.76
1 31.46 0.25 41.76 30.9771572875 0.05 41.76
1 31.46 0.25 41.76 30.9771572875 0.05 41.76
1 30.9541445119 0.25 41.7950168046 30.484642782 0.05 41.9077341973
1 30.9541445119 0.25 41.7950168046 30.484642782 0.05 41.9077341973
1 31.1 0.25 42.0 31.1 0.05 42.4828427125
1 31.1 0.25 42.0 31.1 0.05 42.4828427125
1 31.2213525492 0.25 42.1481677878 31.6119805092 0.05 42.4319756134
1 31.2213525492 0.25 42.1481677878 31.6119805092 0.05 42.4319756134
1 31.61 0.25 42.06 32.0928427125 0.05 42.06
1 31.61 0.25 42.06 32.0928427125 0.05 42.06
1 32.21 0.25 42.06 32.6928427125 0.05 42.06
1 32.21 0.25 42.06 32.6928427125 0.05 42.06
1 32.81 0.25 42.06 33.2928427125 0.05 42.06
1 32.81 0.25 42.06 33.2928427125 0.05 42.06
1 33.41 0.25 42.06 33.8928427125 0.05 42.06
1 33.41 0.25 42.06 33.8928427125 0.05 42.06
1 34.01 0.25 42.06 34.4928427125 0.05 42.06
1 34.01 0.25 42.06 34.4928427125 0.05 42.06
1 34.61 0.25 42.06 35.0928427125 0.05 42.06
1 34.61 0.25 42.06 35.0928427125 0.05 42.06
1 35.21 0.25 42.06 35.6928427125 0.05 42.06
1 35.21 0.25 42.06 35.6928427125 0.05 42.06
1 35.81 0.25 42.06 36.2928427125 0.05 42.06
1 35.81 0.25 42.06 36.2928427125 0.05 42.06
1 36.41 0.25 42.06 36.8928427125 0.05 42.06
1 36.41 0.25 42.06 36.8928427125 0.05 42.06
1 37.01 0.25 42.06 37.4928427125 0.05 42.06
1 37.01 0.25 42.06 37.4928427125 0.05 42.06
1 36.86 0.25 42.21 36.86 0.05 42.6928427125
1 36.86 0.25 42.21 36.86 0.05 42.6928427125
1 36.7625827928 0.25 42.4740608948 36.4490015355 0.05 42.8412173739
1 36.7625827928 0.25 42.4740608948 36.4490015355 0.05 42.8412173739
1 36.44 0.25 42.36 35.9571572875 0.05 42.36
1 36.44 0.25 42.36 35.9571572875 0.05 42.36
1 35.84 0.25 42.36 35.3571572875 0.05 42.36
1 35.84 0.25 42.36 35.3571572875 0.05 42.36
1 35.24 0.25 42.36 34.7571572875 0.05 42.36
1 35.24 0.25 42.36 34.7571572875 0.05 42.36
1 34.9839339828 0.25 42.4660660172 34.6425126266 0.05 42.8074873734
1 34.9839339828 0.25 42.4660660172 34.6425126266 0.05 42.8074873734
1 35.09 0.25 42.81 35.09 0.05 43.2928427125
1 35.09 0.25 42.81 35.09 0.05 43.2928427125
1 35.2395376001 0.25 42.6717688644 35.7208918696 0.05 42.709652267
1 35.2395376001 0.25 42.6717688644 35.7208918696 0.05 42.709652267
1 35.81 0.25 42.66 36.2928427125 0.05 42.66
1 35.81 0.25 42.66 36.2928427125 0.05 42.66
1 36.41 0.25 42.66 36.8928427125 0.05 42.66
1 36.41 0.25 42.66 36.8928427125 0.05 42.66
1 37.01 0.25 42.66 37.4928427125 0.05 42.66
1 37.01 0.25 42.66 37.4928427125 0.05 42.66
1 36.86 0.25 42.81 36.86 0.05 43.2928427125
1 36.86 0.25 42.81 36.86 0.05 43.2928427125
1 36.7625827928 0.25 43.0740608948 36.4490015355 0.05 43.4412173739
1 36.7625827928 0.25 43.0740608948 36.4490015355 0.05 43.4412173739
1 36.44 0.25 42.96 35.9571572875 0.05 42.96
1 36.44 0.25 42.96 35.9571572875 0.05 42.96
1 35.84 0.25 42.96 35.3571572875 0.05 42.96
1 35.84 0.25 42.96 35.3571572875 0.05 42.96
1 35.24 0.25 42.96 34.7571572875 0.05 42.96
1 35.24 0.25 42.96 34.7571572875 0.05 42.96
1 34.9839339828 0.25 43.0660660172 34.6425126266 0.05 43.4074873734
1 34.9839339828 0.25 43.0660660172 34.6425126266 0.05 43.4074873734
1 35.09 0.25 43.41 35.09 0.05 43.8928427125
1 35.09 0.25 43.41 35.09 0.05 43.8928427125
1 35.2395376001 0.25 43.2717688644 35.7208918696 0.05 43.309652267
1 35.2395376001 0.25 43.2717688644 35.7208918696 0.05 43.309652267
1 35.81 0.25 43.26 36.2928427125 0.05 43.26
1 35.81 0.25 43.26 36.2928427125 0.05 43.26
1 36.41 0.25 43.26 36.8928427125 0.05 43.26
1 36.41 0.25 43.26 36.8928427125 0.05 43.26
1 37.01 0.25 43.26 37.4928427125 0.05 43.26
1 37.01 0.25 43.26 37.4928427125 0.05 43.26
1 36.86 0.25 43.41 36.86 0.05 43.8928427125
1 36.86 0.25 43.41 36.86 0.05 43.8928427125
1 36.7625827928 0.25 43.6740608948 36.4490015355 0.05 44.0412173739
1 36.7625827928 0.25 43.6740608948 36.4490015355 0.05 44.0412173739
1 36.44 0.25 43.56 35.9571572875 0.05 43.56
1 36.44 0.25 43.56 35.9571572875 0.05 43.56
1 35.84 0.25 43.56 35.3571572875 0.05 43.56
1 35.84 0.25 43.56 35.3571572875 0.05 43.56
1 35.24 0.25 43.56 34.7571572875 0.05 43.56
1 35.24 0.25 43.56 34.7571572875 0.05 43.56
1 34.9839339828 0.25 43.6660660172 34.6425126266 0.05 44.0074873734
1 34.9839339828 0.25 43.6660660172 34.6425126266 0.05 44.0074873734
1 35.1474025149 0.25 43.8185819299 35.3321784214 0.05 44.2646704294
1 35.1474025149 0.25 43.8185819299 35.3321784214 0.05 44.2646704294
1 35.39 0.25 43.68 35.8728427125 0.05 43.68
1 35.39 0.25 43.68 35.8728427125 0.05 43.68
1 35.99 0.25 43.68 36.4728427125 0.05 43.68
1 35.99 0.25 43.68 36.4728427125 0.05 43.68
1 36.59 0.25 43.68 37.0728427125 0.05 43.68
1 36.59 0.25 43.68 37.0728427125 0.05 43.68
1 36.9936509786 0.25 43.748098575 37.4238669856 0.05 43.9673045793
1 36.9936509786 0.25 43.748098575 37.4238669856 0.05 43.9673045793
