layout_file: ./suncg/house/fff3ca3254c364df22f15646ad160400/houseOneFloor.obj
object
04099429/56c13d294f8afb1ffb88d148e845f82e
wnid
04099429
scale
0.00964586425894
transformation
0.053 0.000 -0.999 39.009
0.000 1.000 0.000 0.050
0.999 0.000 0.053 41.531
object
02691156/7f2d03635180db2137678474be485ca
wnid
02691156
scale
0.0437901754264
transformation
-0.865 0.000 -0.502 40.244
0.000 1.000 0.000 0.050
0.502 0.000 -0.865 40.702
end
lighting
SpotLight 2.0 1 1 1 40.3606513325 2.38735759249 41.8403592872 -0.0382755278467 0.0 0.0116182601131 -0.0108236112109 -0.0145390514631 -0.035657613814
SpotLight 2.0 1 1 1 39.8539069367 2.25300198659 41.6771242826 0.02810703472 0.0 0.0284604040598 -0.022803382251 0.0239341603398 0.0225202514805
SpotLight 2.0 1 1 1 39.7312171135 2.37102810515 41.2357534736 -0.0190836156509 0.0 0.035154169222 -0.0299230853728 0.020993923224 -0.0162438957592
SpotLight 2.0 1 1 1 40.0649746565 2.34247105826 40.8893223936 -0.0318841314613 0.0 0.0241537194022 -0.0217516556858 0.0173900169917 -0.0287132858439
SpotLight 2.0 1 1 1 40.5191516928 2.20103328836 41.0939604751 0.00523917443283 0.0 0.0396554038091 -0.0388810341813 -0.00786624321405 0.0051368666219
SpotLight 2.0 1 1 1 40.7189841597 2.32875892505 41.3527675361 1.78305652375e-05 0.0 0.0399999960259 -0.0371326240909 -0.0148717165835 1.65523935519e-05
SpotLight 3.0 1 1 1 37.6699142371 2.35503100954 38.8125709155 0.04 0.0 0.0 0.0 0.0 -0.04
PointLight 6.0 1 1 1 39.6499977112 2.33000001907 42.6599998474 0.02
