#first three elements, eye and last three, lookAt
#frame rate
#shutter_speed
6 40.71 0.25 37.76 41.1928427125 0.05 37.76
6 40.71 0.25 37.76 41.1928427125 0.05 37.76
6 41.31 0.25 37.76 41.7928427125 0.05 37.76
6 41.31 0.25 37.76 41.7928427125 0.05 37.76
6 41.91 0.25 37.76 42.3928427125 0.05 37.76
6 41.91 0.25 37.76 42.3928427125 0.05 37.76
6 42.51 0.25 37.76 42.9928427125 0.05 37.76
6 42.51 0.25 37.76 42.9928427125 0.05 37.76
6 43.11 0.25 37.76 43.5928427125 0.05 37.76
6 43.11 0.25 37.76 43.5928427125 0.05 37.76
6 43.71 0.25 37.76 44.1928427125 0.05 37.76
6 43.71 0.25 37.76 44.1928427125 0.05 37.76
6 44.31 0.25 37.76 44.7928427125 0.05 37.76
6 44.31 0.25 37.76 44.7928427125 0.05 37.76
6 44.2850168046 0.25 37.9058554881 44.3977341973 0.05 38.375357218
6 44.2850168046 0.25 37.9058554881 44.3977341973 0.05 38.375357218
6 44.181901425 0.25 38.1936509786 43.9626954207 0.05 38.6238669856
6 44.181901425 0.25 38.1936509786 43.9626954207 0.05 38.6238669856
6 43.92 0.25 38.06 43.4371572875 0.05 38.06
6 43.92 0.25 38.06 43.4371572875 0.05 38.06
6 43.32 0.25 38.06 42.8371572875 0.05 38.06
6 43.32 0.25 38.06 42.8371572875 0.05 38.06
6 42.72 0.25 38.06 42.2371572875 0.05 38.06
6 42.72 0.25 38.06 42.2371572875 0.05 38.06
6 42.12 0.25 38.06 41.6371572875 0.05 38.06
6 42.12 0.25 38.06 41.6371572875 0.05 38.06
6 41.52 0.25 38.06 41.0371572875 0.05 38.06
6 41.52 0.25 38.06 41.0371572875 0.05 38.06
6 40.92 0.25 38.06 40.4371572875 0.05 38.06
6 40.92 0.25 38.06 40.4371572875 0.05 38.06
6 40.3504623999 0.25 38.0717688644 39.8691081304 0.05 38.109652267
6 40.3504623999 0.25 38.0717688644 39.8691081304 0.05 38.109652267
6 40.5 0.25 38.24 40.5 0.05 38.7228427125
6 40.5 0.25 38.24 40.5 0.05 38.7228427125
6 40.6060660172 0.25 38.4660660172 40.9474873734 0.05 38.8074873734
6 40.6060660172 0.25 38.4660660172 40.9474873734 0.05 38.8074873734
6 40.95 0.25 38.36 41.4328427125 0.05 38.36
6 40.95 0.25 38.36 41.4328427125 0.05 38.36
6 41.55 0.25 38.36 42.0328427125 0.05 38.36
6 41.55 0.25 38.36 42.0328427125 0.05 38.36
6 42.15 0.25 38.36 42.6328427125 0.05 38.36
6 42.15 0.25 38.36 42.6328427125 0.05 38.36
6 42.75 0.25 38.36 43.2328427125 0.05 38.36
6 42.75 0.25 38.36 43.2328427125 0.05 38.36
6 43.35 0.25 38.36 43.8328427125 0.05 38.36
6 43.35 0.25 38.36 43.8328427125 0.05 38.36
6 43.95 0.25 38.36 44.4328427125 0.05 38.36
6 43.95 0.25 38.36 44.4328427125 0.05 38.36
6 44.3885819299 0.25 38.4174025149 44.8346704294 0.05 38.6021784214
6 44.3885819299 0.25 38.4174025149 44.8346704294 0.05 38.6021784214
6 44.25 0.25 38.66 44.25 0.05 39.1428427125
6 44.25 0.25 38.66 44.25 0.05 39.1428427125
6 44.1163490214 0.25 38.728098575 43.6861330144 0.05 38.9473045793
6 44.1163490214 0.25 38.728098575 43.6861330144 0.05 38.9473045793
6 43.68 0.25 38.66 43.1971572875 0.05 38.66
6 43.68 0.25 38.66 43.1971572875 0.05 38.66
6 43.08 0.25 38.66 42.5971572875 0.05 38.66
6 43.08 0.25 38.66 42.5971572875 0.05 38.66
6 42.48 0.25 38.66 41.9971572875 0.05 38.66
6 42.48 0.25 38.66 41.9971572875 0.05 38.66
6 41.88 0.25 38.66 41.3971572875 0.05 38.66
6 41.88 0.25 38.66 41.3971572875 0.05 38.66
6 41.28 0.25 38.66 40.7971572875 0.05 38.66
6 41.28 0.25 38.66 40.7971572875 0.05 38.66
6 40.68 0.25 38.66 40.1971572875 0.05 38.66
6 40.68 0.25 38.66 40.1971572875 0.05 38.66
6 40.3859391052 0.25 38.7574172072 40.0187826261 0.05 39.0709984645
6 40.3859391052 0.25 38.7574172072 40.0187826261 0.05 39.0709984645
6 40.5 0.25 39.08 40.5 0.05 39.5628427125
6 40.5 0.25 39.08 40.5 0.05 39.5628427125
6 40.6481532511 0.25 38.9834651698 41.1250513685 0.05 39.0589984112
6 40.6481532511 0.25 38.9834651698 41.1250513685 0.05 39.0589984112
6 41.19 0.25 38.96 41.6728427125 0.05 38.96
6 41.19 0.25 38.96 41.6728427125 0.05 38.96
6 41.79 0.25 38.96 42.2728427125 0.05 38.96
6 41.79 0.25 38.96 42.2728427125 0.05 38.96
6 42.39 0.25 38.96 42.8728427125 0.05 38.96
6 42.39 0.25 38.96 42.8728427125 0.05 38.96
6 42.99 0.25 38.96 43.4728427125 0.05 38.96
6 42.99 0.25 38.96 43.4728427125 0.05 38.96
6 43.59 0.25 38.96 44.0728427125 0.05 38.96
6 43.59 0.25 38.96 44.0728427125 0.05 38.96
6 44.19 0.25 38.96 44.6728427125 0.05 38.96
6 44.19 0.25 38.96 44.6728427125 0.05 38.96
6 44.3283747847 0.25 39.0878960247 44.580659409 0.05 39.4995871144
6 44.3283747847 0.25 39.0878960247 44.580659409 0.05 39.4995871144
6 44.2265348302 0.25 39.4081532511 44.1510015888 0.05 39.8850513685
6 44.2265348302 0.25 39.4081532511 44.1510015888 0.05 39.8850513685
6 44.04 0.25 39.26 43.5571572875 0.05 39.26
6 44.04 0.25 39.26 43.5571572875 0.05 39.26
6 43.44 0.25 39.26 42.9571572875 0.05 39.26
6 43.44 0.25 39.26 42.9571572875 0.05 39.26
6 42.84 0.25 39.26 42.3571572875 0.05 39.26
6 42.84 0.25 39.26 42.3571572875 0.05 39.26
6 42.24 0.25 39.26 41.7571572875 0.05 39.26
6 42.24 0.25 39.26 41.7571572875 0.05 39.26
6 41.64 0.25 39.26 41.1571572875 0.05 39.26
6 41.64 0.25 39.26 41.1571572875 0.05 39.26
6 41.04 0.25 39.26 40.5571572875 0.05 39.26
6 41.04 0.25 39.26 40.5571572875 0.05 39.26
6 40.44 0.25 39.26 39.9571572875 0.05 39.26
6 40.44 0.25 39.26 39.9571572875 0.05 39.26
6 40.4649831954 0.25 39.4058554881 40.3522658027 0.05 39.875357218
6 40.4649831954 0.25 39.4058554881 40.3522658027 0.05 39.875357218
6 40.568098575 0.25 39.6936509786 40.7873045793 0.05 40.1238669856
6 40.568098575 0.25 39.6936509786 40.7873045793 0.05 40.1238669856
6 40.83 0.25 39.56 41.3128427125 0.05 39.56
6 40.83 0.25 39.56 41.3128427125 0.05 39.56
6 41.43 0.25 39.56 41.9128427125 0.05 39.56
6 41.43 0.25 39.56 41.9128427125 0.05 39.56
6 42.03 0.25 39.56 42.5128427125 0.05 39.56
6 42.03 0.25 39.56 42.5128427125 0.05 39.56
6 42.63 0.25 39.56 43.1128427125 0.05 39.56
6 42.63 0.25 39.56 43.1128427125 0.05 39.56
6 43.23 0.25 39.56 43.7128427125 0.05 39.56
6 43.23 0.25 39.56 43.7128427125 0.05 39.56
6 43.83 0.25 39.56 44.3128427125 0.05 39.56
6 43.83 0.25 39.56 44.3128427125 0.05 39.56
6 44.3995376001 0.25 39.5717688644 44.8808918696 0.05 39.609652267
6 44.3995376001 0.25 39.5717688644 44.8808918696 0.05 39.609652267
6 44.25 0.25 39.74 44.25 0.05 40.2228427125
6 44.25 0.25 39.74 44.25 0.05 40.2228427125
6 44.1439339828 0.25 39.9660660172 43.8025126266 0.05 40.3074873734
6 44.1439339828 0.25 39.9660660172 43.8025126266 0.05 40.3074873734
6 43.8 0.25 39.86 43.3171572875 0.05 39.86
6 43.8 0.25 39.86 43.3171572875 0.05 39.86
6 43.2 0.25 39.86 42.7171572875 0.05 39.86
6 43.2 0.25 39.86 42.7171572875 0.05 39.86
6 42.6 0.25 39.86 42.1171572875 0.05 39.86
6 42.6 0.25 39.86 42.1171572875 0.05 39.86
6 42.0 0.25 39.86 41.5171572875 0.05 39.86
6 42.0 0.25 39.86 41.5171572875 0.05 39.86
6 41.4 0.25 39.86 40.9171572875 0.05 39.86
6 41.4 0.25 39.86 40.9171572875 0.05 39.86
6 40.8 0.25 39.86 40.3171572875 0.05 39.86
6 40.8 0.25 39.86 40.3171572875 0.05 39.86
6 40.3614180701 0.25 39.9174025149 39.9153295706 0.05 40.1021784214
6 40.3614180701 0.25 39.9174025149 39.9153295706 0.05 40.1021784214
6 40.5 0.25 40.16 40.5 0.05 40.6428427125
6 40.5 0.25 40.16 40.5 0.05 40.6428427125
6 40.6336509786 0.25 40.228098575 41.0638669856 0.05 40.4473045793
6 40.6336509786 0.25 40.228098575 41.0638669856 0.05 40.4473045793
6 41.07 0.25 40.16 41.5528427125 0.05 40.16
6 41.07 0.25 40.16 41.5528427125 0.05 40.16
6 41.67 0.25 40.16 42.1528427125 0.05 40.16
6 41.67 0.25 40.16 42.1528427125 0.05 40.16
6 42.27 0.25 40.16 42.7528427125 0.05 40.16
6 42.27 0.25 40.16 42.7528427125 0.05 40.16
6 42.87 0.25 40.16 43.3528427125 0.05 40.16
6 42.87 0.25 40.16 43.3528427125 0.05 40.16
6 43.47 0.25 40.16 43.9528427125 0.05 40.16
6 43.47 0.25 40.16 43.9528427125 0.05 40.16
6 44.07 0.25 40.16 44.5528427125 0.05 40.16
6 44.07 0.25 40.16 44.5528427125 0.05 40.16
6 44.3640608948 0.25 40.2574172072 44.7312173739 0.05 40.5709984645
6 44.3640608948 0.25 40.2574172072 44.7312173739 0.05 40.5709984645
6 44.2036474508 0.25 40.4226584774 44.0544408471 0.05 40.8818691855
6 44.2036474508 0.25 40.4226584774 44.0544408471 0.05 40.8818691855
6 43.98 0.25 40.28 43.4971572875 0.05 40.28
6 43.98 0.25 40.28 43.4971572875 0.05 40.28
6 43.38 0.25 40.28 42.8971572875 0.05 40.28
6 43.38 0.25 40.28 42.8971572875 0.05 40.28
6 42.78 0.25 40.28 42.2971572875 0.05 40.28
6 42.78 0.25 40.28 42.2971572875 0.05 40.28
6 42.18 0.25 40.28 41.6971572875 0.05 40.28
6 42.18 0.25 40.28 41.6971572875 0.05 40.28
6 41.58 0.25 40.28 41.0971572875 0.05 40.28
6 41.58 0.25 40.28 41.0971572875 0.05 40.28
6 40.98 0.25 40.28 40.4971572875 0.05 40.28
6 40.98 0.25 40.28 40.4971572875 0.05 40.28
6 40.38 0.25 40.28 39.8971572875 0.05 40.28
6 40.38 0.25 40.28 39.8971572875 0.05 40.28
6 40.4882311356 0.25 40.4295376001 40.450347733 0.05 40.9108918696
6 40.4882311356 0.25 40.4295376001 40.450347733 0.05 40.9108918696
