#first three elements, eye and last three, lookAt
#frame rate
#shutter_speed
3 39.31 0.25 42.26 39.7928427125 0.05 42.26
3 39.31 0.25 42.26 39.7928427125 0.05 42.26
3 39.91 0.25 42.26 40.3928427125 0.05 42.26
3 39.91 0.25 42.26 40.3928427125 0.05 42.26
3 40.2778960247 0.25 42.3383747847 40.6895871144 0.05 42.590659409
3 40.2778960247 0.25 42.3383747847 40.6895871144 0.05 42.590659409
3 40.15 0.25 42.62 40.15 0.05 43.1028427125
3 40.15 0.25 42.62 40.15 0.05 43.1028427125
3 40.0073415226 0.25 42.6063525492 39.5481308145 0.05 42.7555591529
3 40.0073415226 0.25 42.6063525492 39.5481308145 0.05 42.7555591529
3 39.52 0.25 42.56 39.0371572875 0.05 42.56
3 39.52 0.25 42.56 39.0371572875 0.05 42.56
3 38.9504623999 0.25 42.5717688644 38.4691081304 0.05 42.609652267
3 38.9504623999 0.25 42.5717688644 38.4691081304 0.05 42.609652267
3 39.1 0.25 42.74 39.1 0.05 43.2228427125
3 39.1 0.25 42.74 39.1 0.05 43.2228427125
3 39.2060660172 0.25 42.9660660172 39.5474873734 0.05 43.3074873734
3 39.2060660172 0.25 42.9660660172 39.5474873734 0.05 43.3074873734
3 39.55 0.25 42.86 40.0328427125 0.05 42.86
3 39.55 0.25 42.86 40.0328427125 0.05 42.86
3 40.15 0.25 42.86 40.6328427125 0.05 42.86
3 40.15 0.25 42.86 40.6328427125 0.05 42.86
3 40.2074025149 0.25 42.9985819299 40.3921784214 0.05 43.4446704294
3 40.2074025149 0.25 42.9985819299 40.3921784214 0.05 43.4446704294
3 40.081901425 0.25 43.2336509786 39.8626954207 0.05 43.6638669856
3 40.081901425 0.25 43.2336509786 39.8626954207 0.05 43.6638669856
3 39.82 0.25 43.1 39.3371572875 0.05 43.1
3 39.82 0.25 43.1 39.3371572875 0.05 43.1
3 39.22 0.25 43.1 38.7371572875 0.05 43.1
3 39.22 0.25 43.1 38.7371572875 0.05 43.1
3 39.0025827928 0.25 43.2140608948 38.6890015355 0.05 43.5812173739
3 39.0025827928 0.25 43.2140608948 38.6890015355 0.05 43.5812173739
