layout_file: ./suncg/house/fff3ca3254c364df22f15646ad160400/houseOneFloor.obj
object
02924116/6b5c172c49f15064e550942ea36e5443
wnid
02924116
scale
0.0441685742354
transformation
0.898 0.000 0.441 38.965
0.000 1.000 0.000 0.050
-0.441 0.000 0.898 42.310
end
lighting
PointLight 6.0 1 1 1 39.6499977112 2.33000001907 42.6599998474 0.02
SpotLight 2.0 1 1 1 40.3606513325 2.38735759249 41.8403592872 -0.0382755278467 0.0 0.0116182601131 -0.0108236112109 -0.0145390514631 -0.035657613814
SpotLight 2.0 1 1 1 39.8539069367 2.25300198659 41.6771242826 0.02810703472 0.0 0.0284604040598 -0.022803382251 0.0239341603398 0.0225202514805
