layout_file: ./suncg/house/fff3ca3254c364df22f15646ad160400/houseOneFloor.obj
object
03938244/2873ef9354972727b376ecd25749b977
wnid
03938244
scale
0.0362822402354
transformation
0.153 0.000 0.988 37.875
0.000 1.000 0.000 0.050
-0.988 0.000 0.153 42.997
object
03938244/2873ef9354972727b376ecd25749b977
wnid
03938244
scale
0.0417286525486
transformation
0.697 0.000 -0.717 37.767
0.000 1.000 0.000 0.050
0.717 0.000 0.697 41.850
end
lighting
PointLight 1.5 1 1 1 37.9999989319 2.10999999046 42.2100001526 0.02
PointLight 1.5 1 1 1 38.2399989319 2.10999999046 41.9700001526 0.02
PointLight 1.5 1 1 1 38.2399989319 2.10999999046 42.2100001526 0.02
PointLight 1.5 1 1 1 37.9999989319 2.10999999046 41.9700001526 0.02
SpotLight 3.0 1 1 1 33.3913574578 2.35578700954 40.2040943052 0.04 0.0 0.0 0.0 0.0 -0.04
SpotLight 3.0 1 1 1 37.3793592371 2.35437800954 38.7680589155 0.04 0.0 0.0 -0.0 0.0 0.04
SpotLight 3.0 1 1 1 33.5348794578 2.35558600954 40.4069635752 0.04 0.0 0.0 -0.0 0.0 0.04
SpotLight 3.0 1 1 1 37.8148782371 2.35558600954 38.5169641855 0.04 0.0 0.0 -0.0 0.0 0.04
