#first three elements, eye and last three, lookAt
#frame rate
#shutter_speed
7 37.41 0.25 40.66 37.8928427125 0.05 40.66
7 37.41 0.25 40.66 37.8928427125 0.05 40.66
7 38.01 0.25 40.66 38.4928427125 0.05 40.66
7 38.01 0.25 40.66 38.4928427125 0.05 40.66
7 38.61 0.25 40.66 39.0928427125 0.05 40.66
7 38.61 0.25 40.66 39.0928427125 0.05 40.66
7 38.8660660172 0.25 40.7660660172 39.2074873734 0.05 41.1074873734
7 38.8660660172 0.25 40.7660660172 39.2074873734 0.05 41.1074873734
7 38.76 0.25 41.11 38.76 0.05 41.5928427125
7 38.76 0.25 41.11 38.76 0.05 41.5928427125
7 38.6104623999 0.25 40.9717688644 38.1291081304 0.05 41.009652267
7 38.6104623999 0.25 40.9717688644 38.1291081304 0.05 41.009652267
7 38.04 0.25 40.96 37.5571572875 0.05 40.96
7 38.04 0.25 40.96 37.5571572875 0.05 40.96
7 37.44 0.25 40.96 36.9571572875 0.05 40.96
7 37.44 0.25 40.96 36.9571572875 0.05 40.96
7 37.0721039753 0.25 41.0383747847 36.6604128856 0.05 41.290659409
7 37.0721039753 0.25 41.0383747847 36.6604128856 0.05 41.290659409
7 37.2 0.25 41.32 37.2 0.05 41.8028427125
7 37.2 0.25 41.32 37.2 0.05 41.8028427125
7 37.3426584774 0.25 41.3063525492 37.8018691855 0.05 41.4555591529
7 37.3426584774 0.25 41.3063525492 37.8018691855 0.05 41.4555591529
7 37.83 0.25 41.26 38.3128427125 0.05 41.26
7 37.83 0.25 41.26 38.3128427125 0.05 41.26
7 38.43 0.25 41.26 38.9128427125 0.05 41.26
7 38.43 0.25 41.26 38.9128427125 0.05 41.26
7 38.9026584774 0.25 41.3063525492 39.3618691855 0.05 41.4555591529
7 38.9026584774 0.25 41.3063525492 39.3618691855 0.05 41.4555591529
7 38.76 0.25 41.53 38.76 0.05 42.0128427125
7 38.76 0.25 41.53 38.76 0.05 42.0128427125
7 38.6321039753 0.25 41.6383747847 38.2204128856 0.05 41.890659409
7 38.6321039753 0.25 41.6383747847 38.2204128856 0.05 41.890659409
7 38.22 0.25 41.56 37.7371572875 0.05 41.56
7 38.22 0.25 41.56 37.7371572875 0.05 41.56
7 37.62 0.25 41.56 37.1371572875 0.05 41.56
7 37.62 0.25 41.56 37.1371572875 0.05 41.56
7 37.0504623999 0.25 41.5717688644 36.5691081304 0.05 41.609652267
7 37.0504623999 0.25 41.5717688644 36.5691081304 0.05 41.609652267
7 37.2 0.25 41.74 37.2 0.05 42.2228427125
7 37.2 0.25 41.74 37.2 0.05 42.2228427125
7 37.3060660172 0.25 41.9660660172 37.6474873734 0.05 42.3074873734
7 37.3060660172 0.25 41.9660660172 37.6474873734 0.05 42.3074873734
7 37.65 0.25 41.86 38.1328427125 0.05 41.86
7 37.65 0.25 41.86 38.1328427125 0.05 41.86
7 38.25 0.25 41.86 38.7328427125 0.05 41.86
7 38.25 0.25 41.86 38.7328427125 0.05 41.86
7 38.85 0.25 41.86 39.3328427125 0.05 41.86
7 38.85 0.25 41.86 39.3328427125 0.05 41.86
7 38.7834651698 0.25 42.0081532511 38.8589984112 0.05 42.4850513685
7 38.7834651698 0.25 42.0081532511 38.8589984112 0.05 42.4850513685
7 38.6816252153 0.25 42.2878960247 38.429340591 0.05 42.6995871144
7 38.6816252153 0.25 42.2878960247 38.429340591 0.05 42.6995871144
7 38.4 0.25 42.16 37.9171572875 0.05 42.16
7 38.4 0.25 42.16 37.9171572875 0.05 42.16
7 37.8 0.25 42.16 37.3171572875 0.05 42.16
7 37.8 0.25 42.16 37.3171572875 0.05 42.16
7 37.2 0.25 42.16 36.7171572875 0.05 42.16
7 37.2 0.25 42.16 36.7171572875 0.05 42.16
7 37.1425974851 0.25 42.2985819299 36.9578215786 0.05 42.7446704294
7 37.1425974851 0.25 42.2985819299 36.9578215786 0.05 42.7446704294
7 37.2463525492 0.25 42.6026584774 37.3955591529 0.05 43.0618691855
7 37.2463525492 0.25 42.6026584774 37.3955591529 0.05 43.0618691855
7 37.47 0.25 42.46 37.9528427125 0.05 42.46
7 37.47 0.25 42.46 37.9528427125 0.05 42.46
7 38.07 0.25 42.46 38.5528427125 0.05 42.46
7 38.07 0.25 42.46 38.5528427125 0.05 42.46
7 38.67 0.25 42.46 39.1528427125 0.05 42.46
7 38.67 0.25 42.46 39.1528427125 0.05 42.46
7 38.8481677878 0.25 42.5813525492 39.1319756134 0.05 42.9719805092
7 38.8481677878 0.25 42.5813525492 39.1319756134 0.05 42.9719805092
7 38.7482311356 0.25 42.9095376001 38.710347733 0.05 43.3908918696
7 38.7482311356 0.25 42.9095376001 38.710347733 0.05 43.3908918696
7 38.58 0.25 42.76 38.0971572875 0.05 42.76
7 38.58 0.25 42.76 38.0971572875 0.05 42.76
7 37.98 0.25 42.76 37.4971572875 0.05 42.76
7 37.98 0.25 42.76 37.4971572875 0.05 42.76
7 37.38 0.25 42.76 36.8971572875 0.05 42.76
7 37.38 0.25 42.76 36.8971572875 0.05 42.76
7 37.0859391052 0.25 42.8574172072 36.7187826261 0.05 43.1709984645
7 37.0859391052 0.25 42.8574172072 36.7187826261 0.05 43.1709984645
7 37.2 0.25 43.18 37.2 0.05 43.6628427125
7 37.2 0.25 43.18 37.2 0.05 43.6628427125
7 37.3481532511 0.25 43.0834651698 37.8250513685 0.05 43.1589984112
7 37.3481532511 0.25 43.0834651698 37.8250513685 0.05 43.1589984112
7 37.89 0.25 43.06 38.3728427125 0.05 43.06
7 37.89 0.25 43.06 38.3728427125 0.05 43.06
7 38.49 0.25 43.06 38.9728427125 0.05 43.06
7 38.49 0.25 43.06 38.9728427125 0.05 43.06
7 38.8936509786 0.25 43.128098575 39.3238669856 0.05 43.3473045793
7 38.8936509786 0.25 43.128098575 39.3238669856 0.05 43.3473045793
7 38.76 0.25 43.39 38.76 0.05 43.8728427125
7 38.76 0.25 43.39 38.76 0.05 43.8728427125
7 38.6214180701 0.25 43.4174025149 38.1753295706 0.05 43.6021784214
7 38.6214180701 0.25 43.4174025149 38.1753295706 0.05 43.6021784214
7 38.16 0.25 43.36 37.6771572875 0.05 43.36
7 38.16 0.25 43.36 37.6771572875 0.05 43.36
7 37.56 0.25 43.36 37.0771572875 0.05 43.36
7 37.56 0.25 43.36 37.0771572875 0.05 43.36
7 37.0541445119 0.25 43.3950168046 36.584642782 0.05 43.5077341973
7 37.0541445119 0.25 43.3950168046 36.584642782 0.05 43.5077341973
7 37.2 0.25 43.6 37.2 0.05 44.0828427125
7 37.2 0.25 43.6 37.2 0.05 44.0828427125
7 37.3213525492 0.25 43.7481677878 37.7119805092 0.05 44.0319756134
7 37.3213525492 0.25 43.7481677878 37.7119805092 0.05 44.0319756134
7 37.71 0.25 43.66 38.1928427125 0.05 43.66
7 37.71 0.25 43.66 38.1928427125 0.05 43.66
7 38.31 0.25 43.66 38.7928427125 0.05 43.66
7 38.31 0.25 43.66 38.7928427125 0.05 43.66
7 38.91 0.25 43.66 39.3928427125 0.05 43.66
7 38.91 0.25 43.66 39.3928427125 0.05 43.66
7 38.76 0.25 43.81 38.76 0.05 44.2928427125
7 38.76 0.25 43.81 38.76 0.05 44.2928427125
7 38.6118467489 0.25 43.7134651698 38.1349486315 0.05 43.7889984112
7 38.6118467489 0.25 43.7134651698 38.1349486315 0.05 43.7889984112
7 38.07 0.25 43.69 37.5871572875 0.05 43.69
7 38.07 0.25 43.69 37.5871572875 0.05 43.69
7 37.47 0.25 43.69 36.9871572875 0.05 43.69
7 37.47 0.25 43.69 36.9871572875 0.05 43.69
7 37.0663490214 0.25 43.758098575 36.6361330144 0.05 43.9773045793
7 37.0663490214 0.25 43.758098575 36.6361330144 0.05 43.9773045793
